Fitness Statistics
Generations     Max     Mean     Standard Deviation
0                 323.0         44.85          86.36262212323106
1                 483.0         96.2375          119.59517587992411
2                 774.0         141.21951219512195          137.73906263428617
3                 774.0         175.76543209876544          145.53369399905586
4                 774.0         189.5625          151.4522072924327
5                 1016.0         197.63095238095238          207.70639647634397
6                 1542.0         230.86075949367088          273.5264657168012
7                 1542.0         256.7560975609756          263.115970025257
8                 1542.0         261.27710843373495          282.8624048515211
9                 1542.0         301.1219512195122          304.7549751587291
10                 1542.0         287.8780487804878          309.0152490610946
11                 1542.0         302.5903614457831          311.53843044163597
12                 1542.0         358.7439024390244          328.8826913322465
13                 1996.0         349.7926829268293          378.154044550465
14                 1996.0         358.5121951219512          372.5163687319394
15                 1996.0         395.144578313253          400.5089873855884
16                 1996.0         438.1219512195122          463.1944855774553
17                 1996.0         385.56626506024094          451.3978341165212
18                 1996.0         393.6144578313253          461.03939228308275
19                 1996.0         420.93975903614455          472.5263388948171
20                 1996.0         459.609756097561          500.3678343588007
21                 1996.0         446.3170731707317          528.0936926768699
22                 1996.0         480.69135802469134          517.7388073549881
23                 1996.0         423.4096385542169          503.281114675512
24                 1996.0         456.2345679012346          514.635440225335
25                 1996.0         495.30120481927713          539.2337208124127
26                 1996.0         466.7317073170732          519.2488253748705
27                 1996.0         462.9012345679012          517.8032088398985
28                 1996.0         466.4024390243902          526.7642333672882
29                 1996.0         482.74074074074076          526.8891648571793
30                 1996.0         477.4578313253012          535.6219738063519
31                 1996.0         515.7530864197531          533.7752458739146
32                 1996.0         470.1829268292683          546.1962733091461
33                 1996.0         480.3855421686747          546.8352284005547
34                 1996.0         513.9629629629629          547.3284486732105
35                 1996.0         517.3253012048193          557.2355844602574
36                 1996.0         482.0987654320988          541.4197295802239
37                 1996.0         506.7682926829268          549.7009230920979
38                 1996.0         502.74074074074076          556.3827570034942
39                 1996.0         476.9753086419753          554.9236845608891
40                 1996.0         515.604938271605          562.0690761778009
41                 1996.0         518.7831325301205          556.2792496317926
42                 1996.0         482.9259259259259          549.271027071061
43                 1996.0         517.9512195121952          554.0726795338585
44                 1996.0         505.12345679012344          557.6543108749662
45                 1996.0         518.358024691358          561.8931032435274
46                 1996.0         547.7831325301205          557.4309843972534
47                 1996.0         523.0487804878048          555.5164571872106
48                 1996.0         541.4634146341464          569.5408119409785
49                 1996.0         537.0121951219512          572.2997145429247
Species Statistics
Species Sizes
Generations     Species 1     Species 2     Species 3     Species 4     Species 5     Species 6     Species 7     Species 8     Species 9     Species 10     Species 11     Species 12     Species 13
0     64     12     4     0     0     0     0     0     0     0     0     0     0
1     13     15     24     7     4     3     7     3     3     1     0     0     0
2     2     10     9     9     11     2     6     10     8     15     0     0     0
3     4     9     5     5     9     4     6     4     7     10     18     0     0
4     4     5     4     4     6     4     2     1     6     8     35     1     0
5     4     7     8     5     7     3     5     5     5     7     22     6     0
6     4     7     8     5     7     4     5     6     6     5     16     6     0
7     4     6     8     6     9     4     6     6     6     6     16     5     0
8     4     7     8     5     9     4     7     7     5     7     14     6     0
9     4     7     8     6     10     4     6     6     6     6     14     5     0
10     4     8     7     5     13     4     5     5     5     5     15     6     0
11     4     7     7     4     13     4     6     6     6     6     13     7     0
12     4     6     8     5     13     4     7     5     5     5     12     8     0
13     4     5     9     4     15     4     6     4     4     6     14     7     0
14     4     6     10     5     13     4     6     5     5     5     12     7     0
15     4     5     12     4     12     4     7     4     4     6     13     8     0
16     4     2     12     5     12     4     7     5     5     5     11     6     4
17     4     3     14     4     10     4     8     4     4     4     11     7     6
18     4     4     14     5     10     4     8     5     5     5     9     5     5
19     4     4     13     4     13     4     7     4     4     4     10     6     6
20     4     4     13     4     11     4     7     5     4     5     10     6     5
21     4     4     13     4     12     4     7     4     4     4     10     6     6
22     4     4     13     4     12     4     7     4     4     4     11     6     4
23     4     4     13     4     12     4     8     5     4     5     9     6     5
24     4     4     13     4     12     4     8     4     4     4     9     7     4
25     4     4     13     4     12     4     8     5     4     5     10     5     5
26     4     4     14     4     12     4     9     4     4     4     9     6     4
27     4     4     12     4     12     4     9     4     4     4     10     6     4
28     4     4     12     4     12     4     9     5     4     5     8     6     5
29     4     4     12     4     12     4     9     4     4     4     9     7     4
30     4     4     12     4     12     4     9     5     4     5     9     6     5
31     4     4     12     4     10     4     10     4     4     4     10     7     4
32     4     4     12     4     10     4     8     5     4     5     11     6     5
33     4     4     13     4     11     4     10     4     4     4     10     7     4
34     4     4     13     4     11     4     10     4     4     4     10     5     4
35     4     4     13     4     11     4     8     5     4     5     10     6     5
36     4     4     11     4     12     4     9     4     4     4     10     7     4
37     4     4     12     4     10     4     9     5     4     5     10     6     5
38     4     4     12     4     11     4     9     4     4     4     10     7     4
39     4     4     12     4     11     4     9     5     4     5     8     6     5
40     4     4     12     4     11     4     9     4     4     4     9     8     4
41     4     4     12     4     11     4     9     5     4     5     10     6     5
42     4     4     12     4     11     4     9     4     4     4     10     7     4
43     4     4     12     4     9     4     9     5     4     5     10     7     5
44     4     4     10     4     10     4     10     4     4     4     11     8     4
45     4     4     12     4     10     4     8     5     4     5     9     7     5
46     4     4     11     4     12     4     9     4     4     4     11     8     4
47     4     4     11     4     10     4     9     5     4     5     11     6     5
48     4     4     13     4     10     4     10     4     4     4     10     7     4
49     4     4     12     4     10     4     10     4     4     4     11     7     4
Species Fitness Mean
Generations     Species 1     Species 2     Species 3     Species 4     Species 5     Species 6     Species 7     Species 8     Species 9     Species 10     Species 11     Species 12     Species 13
0     36.203125     57.25     59.0     NA     NA     NA     NA     NA     NA     NA     NA     NA     NA
1     106.6923076923077     87.13333333333334     86.41666666666667     110.28571428571429     110.5     122.0     134.85714285714286     138.66666666666666     141.0     148.0     NA     NA     NA
2     148.0     134.4     141.77777777777777     153.55555555555554     146.36363636363637     130.5     137.33333333333334     165.9     156.5     144.26666666666668     NA     NA     NA
3     173.75     164.11111111111111     156.2     201.2     165.11111111111111     164.0     160.33333333333334     136.75     179.71428571428572     172.9     225.66666666666666     NA     NA
4     173.75     150.2     173.5     191.75     189.16666666666666     164.0     171.5     192.0     194.0     182.5     230.62857142857143     259.0     NA
5     173.75     196.57142857142858     237.0     210.2     217.42857142857142     204.0     237.8     267.6     193.6     191.28571428571428     292.40909090909093     240.5     NA
6     173.75     212.42857142857142     260.625     227.4     233.28571428571428     233.5     246.0     284.1666666666667     221.66666666666666     159.0     331.0625     282.5     NA
7     173.75     203.83333333333334     304.125     254.33333333333334     293.22222222222223     233.5     276.3333333333333     302.0     232.66666666666666     198.5     362.75     276.0     NA
8     173.75     257.7142857142857     322.625     240.8     362.6666666666667     233.5     302.2857142857143     359.57142857142856     214.2     287.85714285714283     386.5     303.1666666666667     NA
9     173.75     305.14285714285717     339.125     302.3333333333333     392.1     233.5     299.3333333333333     376.8333333333333     255.66666666666666     322.6666666666667     417.0     318.0     NA
10     173.75     336.625     374.14285714285717     330.4     464.15384615384613     233.5     301.6     372.4     227.2     313.8     447.26666666666665     372.8333333333333     NA
11     173.75     334.2857142857143     390.0     298.25     490.84615384615387     233.5     368.6666666666667     398.8333333333333     277.0     350.5     467.7692307692308     406.0     NA
12     173.75     316.3333333333333     419.75     344.0     514.3846153846154     233.5     494.57142857142856     386.0     241.0     327.4     487.0833333333333     442.625     NA
13     173.75     279.0     460.55555555555554     298.25     544.0     233.5     505.5     350.5     250.0     399.1666666666667     527.1428571428571     461.57142857142856     NA
14     173.75     338.6666666666667     548.6     357.6     565.0769230769231     233.5     535.0     399.6     318.8     374.2     561.6666666666666     517.1428571428571     NA
15     173.75     292.8     610.6666666666666     298.25     583.0833333333334     233.5     567.4285714285714     400.75     356.0     421.8333333333333     601.2307692307693     544.125     NA
16     173.75     32.5     662.75     371.4     624.75     233.5     583.2857142857143     453.6     417.4     388.0     646.7272727272727     526.0     526.75
17     173.75     483.3333333333333     703.5     298.25     632.0     233.5     649.75     476.75     356.0     318.5     670.6363636363636     560.8571428571429     469.3333333333333
18     173.75     545.5     726.3571428571429     384.8     651.2     233.5     667.75     528.0     430.8     401.6     680.2222222222222     510.2     436.4
19     173.75     545.5     745.8461538461538     298.25     702.3846153846154     233.5     669.5714285714286     570.0     356.0     318.5     703.6     557.6666666666666     506.0
20     173.75     545.5     777.0     298.25     708.1818181818181     233.5     700.4285714285714     614.6     356.0     413.6     721.0     567.3333333333334     461.2
21     173.75     545.5     799.8461538461538     298.25     755.0833333333334     233.5     747.2857142857143     585.0     356.0     318.5     757.3     577.0     526.3333333333334
22     173.75     545.5     819.9230769230769     298.25     774.4166666666666     233.5     756.7142857142857     585.0     356.0     318.5     812.6363636363636     586.3333333333334     377.75
23     173.75     545.5     841.3846153846154     298.25     795.0833333333334     233.5     830.5     644.4     356.0     431.4     819.6666666666666     597.0     479.0
24     173.75     545.5     861.4615384615385     298.25     814.4166666666666     233.5     845.0     585.0     356.0     318.5     835.7777777777778     650.4285714285714     377.75
25     173.75     545.5     882.9230769230769     298.25     835.0833333333334     233.5     860.0     656.4     356.0     443.4     862.7     551.2     491.0
26     173.75     545.5     920.6428571428571     298.25     854.4166666666666     233.5     886.1111111111111     585.0     356.0     318.5     869.1111111111111     626.3333333333334     377.75
27     173.75     545.5     927.8333333333334     298.25     875.0833333333334     233.5     922.0     585.0     356.0     318.5     898.7     703.3333333333334     377.75
28     173.75     545.5     947.8333333333334     298.25     895.0833333333334     233.5     939.7777777777778     674.4     356.0     461.4     885.75     714.0     509.0
29     173.75     545.5     967.1666666666666     298.25     914.4166666666666     233.5     955.3333333333334     585.0     356.0     318.5     919.1111111111111     842.4285714285714     377.75
30     173.75     545.5     987.8333333333334     298.25     986.75     233.5     972.5555555555555     686.2     356.0     473.2     936.3333333333334     816.1666666666666     520.8
31     173.75     545.5     1007.1666666666666     298.25     980.2     233.5     1049.4     708.75     356.0     553.0     1010.0     868.1428571428571     377.75
32     173.75     545.5     1027.1666666666667     298.25     998.2     233.5     1043.875     797.2     356.0     672.8     1040.7272727272727     850.8333333333334     532.8
33     173.75     545.5     1059.7692307692307     298.25     1032.5454545454545     233.5     1084.8     708.75     356.0     553.0     1045.4     906.0     377.75
34     173.75     545.5     1079.8461538461538     298.25     1051.0     233.5     1102.2     708.75     356.0     553.0     1071.4     801.6     377.75
35     173.75     545.5     1101.3076923076924     298.25     1070.7272727272727     233.5     1088.375     815.2     356.0     690.8     1155.3     880.8333333333334     550.8
36     173.75     545.5     1090.2727272727273     298.25     1106.75     233.5     1123.111111111111     708.75     356.0     553.0     1214.6     945.0     377.75
37     173.75     545.5     1127.1666666666667     298.25     1088.2     233.5     1140.3333333333333     827.2     356.0     702.8     1233.2     900.8333333333334     562.8
38     173.75     545.5     1146.5     298.25     1127.3636363636363     233.5     1155.888888888889     708.75     356.0     553.0     1250.0     970.2857142857143     377.75
39     173.75     545.5     1165.8333333333333     298.25     1145.8181818181818     233.5     1212.7777777777778     839.0     356.0     714.6     1243.375     920.5     574.6
40     173.75     545.5     1185.1666666666667     298.25     1164.2727272727273     233.5     1228.888888888889     708.75     356.0     553.0     1272.888888888889     1190.5     377.75
41     173.75     545.5     1205.8333333333333     298.25     1184.0     233.5     1246.111111111111     850.6     356.0     726.2     1303.4     1203.5     586.2
42     173.75     545.5     1225.1666666666667     298.25     1202.4545454545455     233.5     1262.2222222222222     991.75     356.0     553.0     1320.8     1246.857142857143     377.75
43     173.75     545.5     1245.1666666666667     298.25     1161.111111111111     233.5     1280.0     1089.0     356.0     738.2     1340.0     1260.5714285714287     598.2
44     173.75     545.5     1211.5     298.25     1213.0     233.5     1318.9     991.75     356.0     790.5     1371.4545454545455     1302.0     377.75
45     173.75     545.5     1283.8333333333333     298.25     1229.2     233.5     1282.25     1100.8     356.0     940.0     1356.2222222222222     1285.857142857143     610.0
46     173.75     545.5     1278.6363636363637     298.25     1304.0833333333333     233.5     1328.3333333333333     991.75     356.0     790.5     1473.4545454545455     1331.0     377.75
47     173.75     545.5     1297.7272727272727     298.25     1266.4     233.5     1346.111111111111     1112.8     356.0     952.0     1528.909090909091     1263.1666666666667     622.0
48     173.75     545.5     1367.8461538461538     298.25     1283.2     233.5     1415.7     991.75     356.0     790.5     1537.8     1323.142857142857     377.75
49     173.75     545.5     1364.5     298.25     1301.8     233.5     1434.3     991.75     356.0     790.5     1565.8181818181818     1336.0     377.75
