Fitness Statistics
Generations     Max     Mean     Standard Deviation
0                 204.0         39.371428571428574          77.60673229790818
1                 589.0         106.27142857142857          115.38233603714113
2                 589.0         159.4857142857143          125.18828594870814
3                 589.0         138.61428571428573          122.9175441223149
4                 589.0         172.19718309859155          112.11395356339177
5                 778.0         195.15942028985506          146.90760412718112
6                 778.0         213.05633802816902          161.13181440907
7                 778.0         208.76388888888889          170.09062070420933
8                 778.0         198.85915492957747          181.26544971741774
9                 778.0         234.49295774647888          196.94832905258136
10                 778.0         236.84285714285716          199.44105005986
11                 1279.0         273.9855072463768          235.061971030498
12                 1279.0         273.4492753623188          239.7371468941019
13                 1279.0         269.71014492753625          254.83055475395975
14                 1279.0         281.1470588235294          265.8987680383094
15                 1279.0         275.19117647058823          230.8856514376594
16                 1279.0         280.14285714285717          233.9077526177657
17                 1279.0         251.5          248.0974830809678
18                 1279.0         285.9577464788732          232.51323976355448
19                 1279.0         270.8985507246377          255.04385215025033
20                 1279.0         293.23880597014926          238.15109273675108
21                 1279.0         287.3382352941176          244.1267516905992
22                 1279.0         266.0          246.13157786677516
23                 1279.0         309.2608695652174          240.34043802483282
24                 1279.0         253.35714285714286          268.3262958049549
25                 1279.0         304.3857142857143          273.6445187703588
26                 1279.0         301.4          252.05948277567904
27                 1649.0         324.97058823529414          311.0507321297886
28                 1649.0         302.1014492753623          298.19681006699494
29                 1649.0         302.0845070422535          299.10155355235634
30                 1649.0         299.84285714285716          297.3474944387116
31                 1649.0         285.88732394366195          307.9248376048374
32                 1649.0         308.59154929577466          315.36379964379023
33                 1649.0         301.81944444444446          331.80132636484313
34                 1649.0         321.98571428571427          320.6176847834791
35                 1649.0         293.6901408450704          323.65746941547764
36                 1649.0         308.2535211267606          351.5681056497259
37                 1649.0         342.16901408450707          343.4189731982627
38                 1649.0         346.90140845070425          334.19460278889534
39                 1649.0         362.35714285714283          362.68124673698514
40                 1649.0         306.2361111111111          361.75864779095923
41                 1649.0         346.40845070422534          370.49189143451775
42                 1649.0         377.7536231884058          387.2491392117043
43                 1649.0         442.1142857142857          446.7832821676409
44                 1814.0         427.0147058823529          440.6495370355214
45                 1814.0         389.3970588235294          389.1715234921896
46                 1814.0         415.19117647058823          416.71888032133006
47                 1814.0         411.01428571428573          405.26137924826253
48                 1814.0         427.27941176470586          425.3846648687941
49                 1814.0         436.22222222222223          402.56294270524484
50                 1814.0         449.8142857142857          420.43298405528634
51                 1814.0         398.5          438.1839714744742
52                 1814.0         391.1470588235294          431.4248371830351
53                 1814.0         354.94444444444446          418.8438746812764
54                 1814.0         388.9428571428571          412.02440585529416
55                 1814.0         411.27777777777777          439.4286764975574
56                 1814.0         378.9          402.7668645045881
57                 1814.0         412.38028169014086          400.2468733309335
58                 1814.0         404.44444444444446          410.9198316274008
59                 1814.0         413.50704225352115          419.4757248676299
60                 1814.0         417.95652173913044          417.23796549303995
61                 1814.0         401.3529411764706          409.2403926324204
62                 1814.0         419.82608695652175          391.4556245427281
63                 1814.0         376.0285714285714          428.4452280856769
64                 1814.0         405.77142857142854          422.28109025111877
65                 1814.0         457.12857142857143          443.32928495415143
66                 1814.0         397.38028169014086          412.8007863227165
67                 1814.0         351.25714285714287          409.2808217109717
68                 1814.0         400.4507042253521          412.6533104340496
69                 1814.0         339.1470588235294          414.5052424526875
Species Statistics
Species Sizes
Generations     Species 1     Species 2     Species 3     Species 4     Species 5     Species 6     Species 7     Species 8
0     52     18     0     0     0     0     0     0
1     9     21     17     13     5     5     0     0
2     2     29     16     13     5     5     0     0
3     9     10     3     13     6     13     11     5
4     5     10     7     12     7     12     11     7
5     6     9     8     11     6     8     10     11
6     4     12     7     10     7     9     12     10
7     5     13     6     9     8     10     13     8
8     10     11     7     8     7     9     10     9
9     11     10     8     9     6     8     9     10
10     9     11     9     8     8     9     8     8
11     11     10     8     7     7     10     7     9
12     10     9     7     8     8     11     6     10
13     8     10     8     9     7     10     8     9
14     10     9     7     8     6     11     7     10
15     9     8     8     9     7     12     6     9
16     8     9     9     8     8     11     7     10
17     9     10     8     9     7     12     8     9
18     8     9     9     8     6     11     9     11
19     9     8     8     9     7     10     8     10
20     10     7     7     8     6     11     7     11
21     9     8     6     7     7     13     8     10
22     10     9     7     8     8     11     7     9
23     8     10     9     7     7     12     8     8
24     10     9     8     8     8     11     7     9
25     8     10     10     9     7     10     6     10
26     9     9     8     8     6     12     7     11
27     8     8     7     9     7     11     8     10
28     9     9     8     8     6     13     7     9
29     10     10     9     9     7     12     6     8
30     12     9     8     8     6     13     5     9
31     9     10     7     9     7     12     7     10
32     10     9     8     8     6     13     6     11
33     11     8     9     7     7     13     7     10
34     12     9     8     8     6     12     6     9
35     10     10     7     9     7     13     7     8
36     11     9     8     8     6     12     8     9
37     13     10     7     7     7     13     6     8
38     14     9     8     8     8     12     5     7
39     11     10     9     7     7     11     7     8
40     12     11     8     6     8     12     6     9
41     11     9     7     9     7     11     7     10
42     13     8     6     8     6     13     6     9
43     14     10     7     7     7     12     5     8
44     13     13     6     6     6     11     6     7
45     14     12     7     7     5     10     5     8
46     13     11     6     8     6     11     6     7
47     12     12     7     9     5     12     5     8
48     11     13     6     8     6     11     6     7
49     12     12     7     9     7     12     5     8
50     13     11     6     8     6     13     6     7
51     12     12     7     7     7     12     5     8
52     11     11     8     8     6     11     6     7
53     12     12     7     9     7     12     5     8
54     13     11     8     8     6     11     6     7
55     12     12     7     7     7     12     7     8
56     12     15     6     9     6     14     0     8
57     13     14     8     10     7     12     0     7
58     14     12     9     9     6     13     0     9
59     13     14     7     10     7     12     0     8
60     14     12     8     9     6     11     0     9
61     13     13     7     8     7     12     0     8
62     14     12     8     9     8     11     0     7
63     13     13     9     8     7     12     0     8
64     12     12     8     9     8     14     0     7
65     11     13     9     10     6     13     0     8
66     12     14     8     9     7     14     0     7
67     12     12     9     9     8     12     0     8
68     13     13     10     8     7     11     0     9
69     14     14     9     11     8     12     0     0
Species Fitness Mean
Generations     Species 1     Species 2     Species 3     Species 4     Species 5     Species 6     Species 7     Species 8
0     35.07692307692308     36.72222222222222     NA     NA     NA     NA     NA     NA
1     114.33333333333333     87.04761904761905     96.88235294117646     107.3076923076923     103.4     110.2     NA     NA
2     154.5     151.27586206896552     151.0     158.15384615384616     168.6     148.2     NA     NA
3     196.11111111111111     226.9     190.0     190.76923076923077     190.0     211.69230769230768     211.1818181818182     246.8
4     220.6     277.0     253.42857142857142     234.41666666666666     236.85714285714286     279.8333333333333     251.72727272727272     255.57142857142858
5     263.8333333333333     322.8888888888889     302.625     285.0     266.3333333333333     307.0     296.8     321.09090909090907
6     310.0     380.3333333333333     327.7142857142857     324.3     312.57142857142856     345.44444444444446     360.9166666666667     364.9
7     418.6     429.61538461538464     342.6666666666667     387.22222222222223     395.25     379.1     433.53846153846155     393.5
8     484.7     468.8181818181818     394.14285714285717     419.0     423.7142857142857     431.77777777777777     484.0     438.22222222222223
9     544.7272727272727     507.9     445.875     469.6666666666667     448.8333333333333     467.25     524.6666666666666     503.3
10     590.6666666666666     558.0     578.5555555555555     551.125     574.625     582.5555555555555     559.125     584.125
11     639.6363636363636     593.5     616.375     584.5714285714286     607.7142857142857     626.1     588.8571428571429     640.1111111111111
12     673.7     618.0     650.7142857142857     644.0     643.625     710.2727272727273     604.3333333333334     699.0
13     701.75     671.9     697.375     690.8888888888889     674.1428571428571     771.8     673.125     745.7777777777778
14     777.3     775.8888888888889     726.4285714285714     723.5     694.0     819.8181818181819     696.0     787.9
15     857.4444444444445     807.25     770.875     794.4444444444445     749.1428571428571     864.5833333333334     709.0     839.0
16     895.375     858.3333333333334     860.2222222222222     820.875     802.625     906.5454545454545     771.7142857142857     884.7
17     939.8888888888889     910.1     895.125     872.2222222222222     824.8571428571429     956.25     832.125     921.4444444444445
18     977.125     944.6666666666666     945.7777777777778     903.375     838.0     997.3636363636364     893.3333333333334     991.3636363636364
19     1027.0     972.25     978.375     958.5555555555555     904.1428571428571     1034.0     916.125     1037.2
20     1074.8     989.2857142857143     1001.5714285714286     1072.125     908.6666666666666     1082.4545454545455     926.7142857142857     1121.8181818181818
21     1104.7777777777778     1047.25     1014.0     1101.4285714285713     975.5714285714286     1138.0     991.125     1160.0
22     1157.2     1107.2222222222222     1075.142857142857     1196.5     1041.875     1168.3636363636363     1000.2857142857143     1199.5555555555557
23     1172.875     1163.7     1150.3333333333333     1230.2857142857142     1052.7142857142858     1220.4166666666667     1069.875     1233.875
24     1296.0     1249.0     1174.125     1276.0     1122.125     1255.909090909091     1076.7142857142858     1282.7777777777778
25     1317.375     1304.4     1397.4     1324.2222222222222     1125.5714285714287     1287.6     1060.3333333333333     1328.0
26     1393.888888888889     1326.7777777777778     1428.625     1357.0     1116.6666666666667     1355.4166666666667     1143.857142857143     1377.090909090909
27     1424.0     1350.125     1463.7142857142858     1408.2222222222222     1202.7142857142858     1386.8181818181818     1224.375     1414.4
28     1474.7777777777778     1407.6666666666667     1506.625     1436.5     1187.3333333333333     1511.3846153846155     1218.142857142857     1443.0
29     1529.5     1467.6     1554.6666666666667     1534.7777777777778     1272.7142857142858     1551.3333333333333     1197.0     1470.125
30     1590.1666666666667     1490.111111111111     1586.125     1566.625     1255.3333333333333     1603.6153846153845     1146.0     1527.0
31     1603.111111111111     1555.6     1615.857142857143     1619.5555555555557     1350.5714285714287     1642.1666666666667     1336.0     1585.6
32     1659.9     1577.2222222222222     1670.125     1648.375     1328.0     1696.6923076923076     1307.0     1641.3636363636363
33     1806.5454545454545     1592.375     1725.7777777777778     1671.5714285714287     1429.142857142857     1744.076923076923     1413.142857142857     1672.0
34     1893.3333333333333     1662.0     1751.875     1731.625     1402.0     1779.6666666666667     1379.6666666666667     1698.111111111111
35     1934.7     1730.0     1851.5714285714287     1790.6666666666667     1507.7142857142858     1836.3076923076924     1491.7142857142858     1716.875
36     1982.5454545454545     1748.3333333333333     1905.125     1813.375     1474.6666666666667     1871.3333333333333     1588.875     1782.888888888889
37     2049.3846153846152     1815.6     1928.0     1828.7142857142858     1586.2857142857142     1929.3846153846155     1488.3333333333333     1797.875
38     2098.4285714285716     1831.5555555555557     1985.375     1897.375     1683.875     1963.0     1409.4     1803.0
39     2137.2727272727275     1986.2     2043.111111111111     1907.2857142857142     1664.857142857143     1991.8181818181818     1647.4285714285713     1880.375
40     2213.8333333333335     2212.090909090909     2067.875     1903.3333333333333     1765.625     2054.6666666666665     1598.3333333333333     1953.2222222222222
41     2258.0     2253.8888888888887     2088.714285714286     2173.8888888888887     1743.4285714285713     2082.6363636363635     1728.857142857143     2025.6
42     2305.6923076923076     2287.125     2090.6666666666665     2293.125     1694.6666666666667     2160.3846153846152     1672.3333333333333     2039.5555555555557
43     2355.0714285714284     2360.8     2161.5714285714284     2328.4285714285716     1820.5714285714287     2189.6666666666665     1572.6     2043.875
44     2397.076923076923     2431.4615384615386     2159.3333333333335     2357.0     1766.0     2372.181818181818     1741.0     2033.7142857142858
45     2483.785714285714     2474.5     2235.8571428571427     2402.714285714286     1667.0     2395.7     1635.0     2121.875
46     2526.076923076923     2515.818181818182     2230.0     2451.375     2153.6666666666665     2448.2727272727275     1811.6666666666667     2109.4285714285716
47     2568.3333333333335     2576.4166666666665     2306.5714285714284     2539.777777777778     2111.4     2502.5     1694.4     2196.125
48     2606.7272727272725     2639.5384615384614     2296.6666666666665     2573.625     2224.3333333333335     2536.6363636363635     1878.3333333333333     2180.8571428571427
49     2658.3333333333335     2683.9166666666665     2383.714285714286     2623.777777777778     2319.1428571428573     2592.5     1759.2     2277.125
50     2708.846153846154     2724.818181818182     2368.6666666666665     2654.625     2296.3333333333335     2646.4615384615386     1950.3333333333333     2258.0
51     2748.3333333333335     2773.9166666666665     2462.285714285714     2680.4285714285716     2397.714285714286     2682.5     1825.2     2359.625
52     2783.4545454545455     2839.0     2658.625     2737.125     2368.3333333333335     2751.2727272727275     2022.3333333333333     2335.1428571428573
53     2838.3333333333335     2886.0833333333335     2668.0     2791.777777777778     2473.4285714285716     2807.25     1888.8     2439.125
54     2891.6153846153848     2927.3636363636365     2739.625     2818.125     2440.3333333333335     2839.6363636363635     2094.3333333333335     2412.285714285714
55     2930.0     2977.75     2748.0     2836.1428571428573     2552.0     2898.9166666666665     2258.1428571428573     2521.625
56     2976.6666666666665     3034.2     2735.6666666666665     2917.0     2513.6666666666665     2966.5714285714284     NA     2562.875
57     3034.6153846153848     3080.714285714286     2861.875     2979.6     2632.0     2992.25     NA     2531.5714285714284
58     3093.214285714286     3117.75     2936.777777777778     3008.0     2589.0     3052.5384615384614     NA     2706.8888888888887
59     3131.923076923077     3179.285714285714     2906.5714285714284     3170.7     2714.1428571428573     3088.0833333333335     NA     2691.875
60     3189.214285714286     3212.75     2991.625     3212.5555555555557     2665.6666666666665     3116.181818181818     NA     3035.222222222222
61     3224.153846153846     3265.846153846154     2986.5714285714284     3241.0     2794.1428571428573     3178.9166666666665     NA     3044.625
62     3282.6428571428573     3303.5833333333335     3073.375     3297.3333333333335     3274.0     3205.3636363636365     NA     3040.1428571428573
63     3318.076923076923     3359.769230769231     3153.777777777778     3324.25     3295.285714285714     3271.4166666666665     NA     3126.375
64     3350.0     3396.0833333333335     3156.625     3383.6666666666665     3357.25     3398.285714285714     NA     3119.4285714285716
65     3377.4545454545455     3455.3846153846152     3240.1111111111113     3470.9     3343.5     3435.6153846153848     NA     3209.625
66     3444.1666666666665     3511.8571428571427     3239.875     3500.8888888888887     3415.285714285714     3495.1428571428573     NA     3198.714285714286
67     3490.8333333333335     3608.1666666666665     3329.5555555555557     3547.5555555555557     3484.0     3515.4166666666665     NA     3295.875
68     3556.6923076923076     3663.4615384615386     3410.8     3571.25     3496.0     3543.4545454545455     NA     3382.1111111111113
69     3620.3571428571427     3716.3571428571427     3412.777777777778     3663.090909090909     3568.75     3607.9166666666665     NA     NA
