Fitness Statistics
Generations     Max     Mean     Standard Deviation
0                 480.0         63.35          105.18615640853129
1                 606.0         125.6          136.38807376991093
2                 2010.0         232.80327868852459          308.8387461715113
3                 2010.0         274.6393442622951          326.23857471543255
4                 2010.0         366.44262295081967          389.1297783680815
5                 2010.0         403.60655737704917          388.3389291475001
6                 2010.0         400.2295081967213          380.20699252124916
7                 2010.0         437.85          404.66022063784175
8                 2010.0         483.68333333333334          425.4120548231901
9                 2010.0         458.1          436.71690677905605
10                 2010.0         514.9333333333333          433.340661476498
11                 2010.0         464.43333333333334          425.5991215007641
12                 2010.0         473.8524590163934          462.2641653422066
13                 2010.0         439.0655737704918          471.5220513193508
14                 2010.0         467.1639344262295          467.7890858744022
15                 2010.0         538.1475409836065          525.4414174288994
16                 2010.0         505.4          476.7574225956006
17                 2010.0         575.4918032786885          487.10431181478106
18                 2010.0         496.88524590163934          545.5856861482506
19                 2010.0         553.4754098360655          527.0322292865962
20                 2010.0         587.3770491803278          540.1157181396009
21                 2010.0         542.6166666666667          520.4050054738349
22                 2010.0         514.85          526.1649559152846
23                 2010.0         596.5573770491803          557.9934932516264
24                 2010.0         559.5409836065573          520.3615254539895
25                 2010.0         541.1666666666666          511.576457845963
26                 2010.0         595.9672131147541          554.4678727174729
27                 2010.0         596.2131147540983          535.4612877208542
28                 2010.0         543.2333333333333          536.1212352527076
29                 2028.0         630.8688524590164          558.6943935849664
30                 2028.0         533.3833333333333          558.9048246844497
31                 2028.0         539.4666666666667          545.4288974946435
32                 2028.0         603.6065573770492          554.4532169561886
33                 2028.0         572.4426229508197          551.5218148737588
34                 2028.0         569.3833333333333          555.1069894373717
35                 2028.0         573.6065573770492          553.3592281392232
36                 2028.0         541.9354838709677          548.8716834287657
37                 2028.0         548.2333333333333          592.1601519484029
38                 2028.0         599.25          549.6603382999359
39                 2028.0         609.85          574.0134965021875
40                 2028.0         628.4666666666667          594.9413827335335
41                 2028.0         658.4426229508197          594.4414798257121
42                 2028.0         616.0983606557377          552.6060377412938
43                 2029.0         624.8666666666667          602.742799394752
44                 2029.0         619.1333333333333          594.7476626454469
45                 2029.0         595.7666666666667          603.842815271951
46                 2029.0         527.6833333333333          590.2233332015566
47                 2029.0         575.8032786885246          575.7333404741403
48                 2029.0         610.8666666666667          569.2777139108431
49                 2029.0         539.6065573770492          558.6188846768936
Species Statistics
Species Sizes
Generations     Species 1     Species 2     Species 3     Species 4     Species 5     Species 6
0     43     17     0     0     0     0
1     37     9     4     9     1     0
2     11     14     9     7     10     10
3     19     10     4     4     9     15
4     18     11     8     4     8     12
5     18     12     7     4     7     13
6     18     11     8     4     6     14
7     16     11     8     4     7     14
8     18     10     7     4     6     15
9     18     10     8     4     5     15
10     17     11     7     4     7     14
11     17     11     8     4     6     14
12     18     12     7     4     7     13
13     18     11     6     4     8     14
14     16     12     7     4     9     13
15     16     11     8     4     8     14
16     19     10     7     4     7     13
17     18     11     8     4     8     12
18     17     10     7     4     9     14
19     17     11     8     4     8     13
20     17     10     7     4     9     14
21     18     10     6     4     8     14
22     16     11     7     4     7     15
23     17     12     6     4     8     14
24     17     11     7     4     9     13
25     16     10     8     4     8     14
26     17     11     7     4     9     13
27     18     10     6     4     8     15
28     18     10     7     4     8     13
29     17     11     6     4     9     14
30     18     10     7     4     8     13
31     16     10     8     4     9     13
32     17     11     7     4     8     14
33     17     10     6     4     9     15
34     15     10     7     4     9     15
35     16     11     8     4     8     14
36     15     12     7     4     9     15
37     15     10     8     4     10     13
38     17     11     7     4     9     12
39     17     11     8     4     8     12
40     16     10     7     4     9     14
41     17     11     8     4     8     13
42     19     10     7     4     9     12
43     18     11     8     4     8     11
44     19     10     7     4     7     13
45     18     9     6     4     9     14
46     17     11     7     4     8     13
47     18     10     8     4     9     12
48     17     11     7     4     8     13
49     17     10     8     4     9     13
Species Fitness Mean
Generations     Species 1     Species 2     Species 3     Species 4     Species 5     Species 6
0     32.27906976744186     26.0     NA     NA     NA     NA
1     77.35135135135135     56.55555555555556     80.5     97.66666666666667     103.0     NA
2     132.72727272727272     95.28571428571429     97.77777777777777     123.14285714285714     120.1     141.1
3     140.05263157894737     161.4     170.75     129.5     140.22222222222223     155.4
4     200.94444444444446     209.27272727272728     184.125     129.5     160.875     189.33333333333334
5     240.33333333333334     235.08333333333334     200.57142857142858     129.5     185.0     222.92307692307693
6     271.8333333333333     273.3636363636364     227.375     129.5     189.33333333333334     262.7857142857143
7     297.25     296.27272727272725     266.0     129.5     237.28571428571428     300.35714285714283
8     332.72222222222223     321.5     273.7142857142857     129.5     256.8333333333333     336.8
9     362.77777777777777     343.1     300.5     129.5     246.6     367.73333333333335
10     387.7647058823529     371.72727272727275     304.57142857142856     129.5     332.2857142857143     400.14285714285717
11     415.29411764705884     411.54545454545456     336.5     129.5     330.3333333333333     441.64285714285717
12     446.0     441.6666666666667     335.42857142857144     129.5     363.14285714285717     464.84615384615387
13     491.27777777777777     458.6363636363636     322.5     129.5     424.75     493.7857142857143
14     537.8125     491.0     367.14285714285717     129.5     457.3333333333333     517.4615384615385
15     568.875     505.72727272727275     410.0     129.5     518.5     548.0714285714286
16     625.578947368421     515.3     398.85714285714283     129.5     521.8571428571429     595.8461538461538
17     652.3333333333334     552.1818181818181     492.0     129.5     555.0     616.9166666666666
18     679.4705882352941     603.8     482.14285714285717     129.5     600.6666666666666     682.2857142857143
19     715.0588235294117     639.3636363636364     529.0     129.5     605.625     704.7692307692307
20     744.1176470588235     655.1     513.8571428571429     129.5     641.7777777777778     735.1428571428571
21     775.0555555555555     676.7     481.5     129.5     641.625     768.1428571428571
22     794.0     751.7272727272727     545.1428571428571     129.5     631.7142857142857     798.8666666666667
23     825.9411764705883     787.1666666666666     505.5     129.5     677.625     819.5714285714286
24     879.1176470588235     798.8181818181819     576.4285714285714     129.5     788.0     861.9230769230769
25     902.875     804.7     762.125     129.5     788.875     894.1428571428571
26     934.9411764705883     845.2727272727273     748.4285714285714     129.5     828.5555555555555     912.4615384615385
27     975.0555555555555     849.1     718.6666666666666     129.5     824.375     952.0
28     1003.0555555555555     870.7     780.1428571428571     129.5     843.375     982.4615384615385
29     1025.5294117647059     915.2727272727273     743.0     129.5     889.1111111111111     1015.7857142857143
30     1107.5555555555557     906.1     811.4285714285714     129.5     971.625     1033.0
31     1126.9375     928.9     871.625     129.5     1012.3333333333334     1067.7692307692307
32     1159.8235294117646     976.3636363636364     842.2857142857143     129.5     1007.625     1101.5
33     1188.1176470588234     1011.2     791.6666666666666     129.5     1051.7777777777778     1137.5333333333333
34     1202.3333333333333     1128.1     874.0     129.5     1072.888888888889     1165.4
35     1237.1875     1167.5454545454545     944.625     129.5     1113.75     1180.7857142857142
36     1257.3333333333333     1214.5     905.2857142857143     129.5     1158.4444444444443     1218.9333333333334
37     1283.7333333333333     1202.1     982.125     129.5     1203.3     1221.4615384615386
38     1352.4117647058824     1243.6363636363637     1099.142857142857     129.5     1199.5555555555557     1227.5
39     1379.9411764705883     1266.5454545454545     1325.5     129.5     1187.25     1251.5
40     1399.5625     1266.3     1329.5714285714287     129.5     1239.5555555555557     1311.5
41     1435.764705882353     1313.0     1370.625     129.5     1223.25     1319.7692307692307
42     1479.0526315789473     1308.9     1360.857142857143     129.5     1280.111111111111     1324.1666666666667
43     1500.0     1358.8181818181818     1572.0     129.5     1260.25     1322.7272727272727
44     1590.1052631578948     1352.1     1580.0     129.5     1222.7142857142858     1394.5384615384614
45     1613.2222222222222     1337.111111111111     1578.8333333333333     129.5     1340.111111111111     1476.9285714285713
46     1634.764705882353     1428.1818181818182     1610.857142857143     129.5     1313.75     1585.5384615384614
47     1670.0     1418.1     1644.0     129.5     1381.2222222222222     1597.6666666666667
48     1690.5882352941176     1474.6363636363637     1642.142857142857     129.5     1350.25     1703.7692307692307
49     1718.8823529411766     1462.5     1680.5     129.5     1421.7777777777778     1730.076923076923
