Fitness Statistics
Generations     Max     Mean     Standard Deviation
0                 204.0         9.16          38.328767264288565
1                 204.0         30.08          67.73295800420945
2                 700.0         131.5          150.57625974900557
3                 700.0         162.66          187.58983021475345
4                 746.0         185.66          194.8334273167723
5                 1304.0         226.0          292.2028747291854
6                 1304.0         235.56          329.53088838529237
7                 1304.0         263.1          299.90780249936813
8                 1305.0         336.02          364.60644481413107
9                 1305.0         331.04          403.81619383080704
10                 1310.0         331.0          364.80104166517947
11                 1541.0         339.4          401.33023808330216
12                 1541.0         337.9          404.45327295004057
13                 2016.0         410.94          471.32334591021475
14                 2016.0         395.96          501.0874558397964
15                 2016.0         463.98          501.5611823097956
16                 2016.0         446.42          463.13808264922454
17                 2016.0         414.06          484.32292574273197
18                 2016.0         432.84          479.0343770545074
19                 2016.0         409.44          492.87483847321727
20                 2016.0         427.7          530.7684711811731
21                 2016.0         414.46          545.7537250445478
22                 2016.0         332.88          506.77516276944743
23                 2016.0         420.3          532.5150232622549
24                 2016.0         372.46          469.33259891041024
25                 2016.0         434.76          516.1799903134564
26                 2016.0         370.2156862745098          464.91337222703055
27                 2016.0         497.5882352941176          525.4116286012661
28                 2016.0         408.15686274509807          465.3784196041912
29                 2016.0         514.38          499.98415534894707
30                 2016.0         421.6          496.3582980065914
31                 2016.0         456.58          502.8601431809842
32                 2016.0         408.58          479.7022864235692
33                 2016.0         413.2          482.590675417584
34                 2016.0         435.4313725490196          456.802538320184
35                 2016.0         448.0          480.05301577969874
36                 2016.0         510.80392156862746          506.62071590939007
37                 2016.0         470.52          527.7051161396864
38                 2016.0         531.9          525.3093279202263
39                 2016.0         471.72549019607845          508.7649435462534
40                 2016.0         514.8163265306123          533.0421614243037
41                 2016.0         491.4313725490196          539.4078545271352
42                 2016.0         465.58          512.34227192376
43                 2016.0         457.59183673469386          580.5927976370831
44                 2016.0         426.16          529.9170259578381
45                 2016.0         459.2549019607843          521.7511555888725
46                 2016.0         429.66          545.6909605261939
47                 2016.0         462.8627450980392          534.2184696525895
48                 2016.0         402.921568627451          546.0341095119247
49                 2016.0         513.4313725490196          567.2626481242526
Species Statistics
Species Sizes
Generations     Species 1     Species 2     Species 3     Species 4     Species 5
0     28     20     2     0     0
1     25     15     10     0     0
2     12     34     3     1     0
3     12     34     2     2     0
4     16     29     3     2     0
5     15     29     4     2     0
6     13     32     3     2     0
7     16     30     2     2     0
8     19     27     2     2     0
9     20     26     2     2     0
10     21     25     2     2     0
11     24     22     2     2     0
12     20     26     2     2     0
13     21     25     2     2     0
14     20     26     2     2     0
15     17     29     2     2     0
16     18     28     2     2     0
17     18     28     2     2     0
18     18     28     2     2     0
19     20     26     2     2     0
20     18     28     2     2     0
21     15     31     2     2     0
22     19     27     2     2     0
23     19     27     2     2     0
24     20     26     2     2     0
25     20     26     2     2     0
26     22     25     2     2     0
27     22     25     2     2     0
28     22     25     2     2     0
29     20     26     2     2     0
30     19     27     2     2     0
31     21     25     2     2     0
32     19     27     2     2     0
33     22     17     2     2     7
34     20     13     2     2     14
35     15     17     2     2     13
36     14     13     2     2     20
37     15     15     2     2     16
38     15     15     2     2     16
39     13     17     2     2     17
40     13     17     2     2     15
41     14     16     2     2     17
42     12     17     2     2     17
43     13     14     2     2     18
44     12     16     2     2     18
45     16     15     2     2     16
46     14     16     2     2     16
47     13     17     2     2     17
48     13     17     2     2     17
49     15     18     2     2     14
Species Fitness Mean
Generations     Species 1     Species 2     Species 3     Species 4     Species 5
0     24.464285714285715     25.6     39.0     NA     NA
1     74.2     61.53333333333333     55.5     NA     NA
2     110.08333333333333     109.91176470588235     108.66666666666667     100.0     NA
3     138.25     162.44117647058823     107.5     119.5     NA
4     181.375     205.72413793103448     144.0     119.5     NA
5     222.4     245.82758620689654     196.75     119.5     NA
6     253.76923076923077     290.21875     200.66666666666666     119.5     NA
7     299.625     330.2     189.0     119.5     NA
8     353.8421052631579     369.8888888888889     189.0     119.5     NA
9     394.05     413.38461538461536     189.0     119.5     NA
10     439.0     452.16     189.0     119.5     NA
11     479.375     500.0     189.0     119.5     NA
12     513.95     542.8846153846154     189.0     119.5     NA
13     553.0     585.04     189.0     119.5     NA
14     589.55     625.2307692307693     189.0     119.5     NA
15     621.5882352941177     667.8620689655172     189.0     119.5     NA
16     661.0     708.4642857142857     189.0     119.5     NA
17     698.3333333333334     747.4642857142857     189.0     119.5     NA
18     735.6666666666666     786.4642857142857     189.0     119.5     NA
19     797.15     825.2307692307693     189.0     119.5     NA
20     854.3333333333334     864.4642857142857     189.0     119.5     NA
21     888.0     910.7096774193549     189.0     119.5     NA
22     934.3684210526316     949.6296296296297     189.0     119.5     NA
23     971.9473684210526     988.5185185185185     189.0     119.5     NA
24     1022.0     1026.9615384615386     189.0     119.5     NA
25     1059.8     1065.7307692307693     189.0     119.5     NA
26     1103.8636363636363     1104.64     189.0     119.5     NA
27     1152.8181818181818     1144.2     189.0     119.5     NA
28     1191.909090909091     1195.92     189.0     119.5     NA
29     1228.75     1235.2692307692307     189.0     119.5     NA
30     1265.1052631578948     1274.7777777777778     189.0     119.5     NA
31     1305.904761904762     1311.84     189.0     119.5     NA
32     1340.2631578947369     1352.5555555555557     189.0     119.5     NA
33     1383.7272727272727     1367.3529411764705     189.0     119.5     1437.2857142857142
34     1441.1     1406.3846153846155     189.0     119.5     1435.357142857143
35     1459.5333333333333     1460.235294117647     189.0     119.5     1475.076923076923
36     1490.2142857142858     1484.8461538461538     189.0     119.5     1520.6
37     1528.8666666666666     1528.1333333333334     189.0     119.5     1558.375
38     1563.5333333333333     1563.7333333333333     189.0     119.5     1594.875
39     1589.076923076923     1613.0588235294117     189.0     119.5     1630.6470588235295
40     1623.7692307692307     1649.5294117647059     189.0     119.5     1660.8666666666666
41     1662.5     1681.5625     189.0     119.5     1702.1176470588234
42     1684.3333333333333     1726.0588235294117     189.0     119.5     1736.5294117647059
43     1725.3076923076924     1745.142857142857     189.0     119.5     1776.0555555555557
44     1750.1666666666667     1791.0625     189.0     119.5     1823.111111111111
45     1812.0     1821.2     189.0     119.5     1855.6875
46     1834.7857142857142     1861.9375     189.0     119.5     1889.8125
47     1860.6923076923076     1903.4117647058824     189.0     119.5     1927.9411764705883
48     1895.3846153846155     1939.5882352941176     189.0     119.5     1964.1176470588234
49     1947.4666666666667     1996.111111111111     189.0     119.5     1986.5714285714287
