Fitness Statistics
Generations     Max     Mean     Standard Deviation
0                 1004.0         85.26          178.84639331001333
1                 1004.0         153.16          213.7130187892165
2                 1004.0         198.66          274.3784692719164
3                 1004.0         242.68          261.3124903252809
4                 1004.0         266.85714285714283          257.05466741690634
5                 1004.0         278.78          250.11183818444096
6                 1312.0         401.36          375.4880429521026
7                 1312.0         373.9591836734694          370.39520863386645
8                 1312.0         403.2244897959184          362.0391942535506
9                 1312.0         371.6938775510204          372.14755709023524
10                 1312.0         318.85714285714283          358.7394597754755
11                 1312.0         452.72549019607845          388.436790650219
12                 1312.0         379.19607843137254          369.8347813210885
13                 1312.0         407.2156862745098          396.288977236853
14                 1312.0         345.80392156862746          381.2542263144902
15                 1313.0         357.2549019607843          424.74443726289655
16                 1313.0         405.14          380.87142239868825
17                 1313.0         458.14285714285717          421.87646900726855
18                 1313.0         421.9183673469388          414.23107209770245
19                 1313.0         458.82          381.8508447024833
20                 1313.0         317.34          418.6517698517468
21                 1313.0         404.3265306122449          391.1964581741039
22                 1313.0         481.40816326530614          418.6196421948213
23                 1994.0         449.1764705882353          466.5618806396152
24                 1994.0         484.921568627451          456.99864174240406
25                 1994.0         484.84          491.16711453435084
26                 1994.0         475.8          489.1402661813888
27                 1994.0         502.44          453.16377436860495
28                 1994.0         586.62          481.3421606300448
29                 1994.0         474.28          531.3473078881647
30                 1994.0         565.36          568.2534209311899
31                 1994.0         550.2          534.639991021996
32                 1994.0         475.92          517.9992988412242
33                 1994.0         472.29411764705884          493.12832097314185
34                 1994.0         526.6470588235294          538.563005345376
35                 1994.0         483.7450980392157          502.6582218229071
36                 1994.0         467.56          537.7906715442357
37                 1994.0         472.38          523.0580805226126
38                 1994.0         553.0204081632653          514.0201889863351
39                 1994.0         553.3877551020408          553.5832742078788
40                 1994.0         530.2857142857143          528.2429867600937
41                 1994.0         489.52941176470586          534.0728213892864
42                 1994.0         541.3333333333334          496.33648717048004
43                 1994.0         517.12          530.459824680437
44                 1994.0         598.08          527.6694359160857
45                 1994.0         517.74          530.4147362206295
46                 1994.0         498.62          502.04138833367125
47                 1994.0         465.18          486.16345769709994
48                 2025.0         568.16          566.656910661116
49                 2025.0         480.5882352941176          540.90092516281
Species Statistics
Species Sizes
Generations     Species 1     Species 2     Species 3     Species 4
0     50     0     0     0
1     40     8     2     0
2     26     18     6     0
3     21     17     11     1
4     17     14     10     8
5     16     15     9     10
6     14     14     11     11
7     13     15     9     12
8     14     14     8     13
9     13     15     9     12
10     12     14     10     13
11     13     15     9     14
12     14     14     10     13
13     15     13     11     12
14     13     15     9     14
15     14     14     10     13
16     16     13     9     12
17     14     12     10     13
18     13     11     11     14
19     14     13     10     13
20     13     12     11     14
21     13     12     12     12
22     12     15     11     11
23     14     14     10     13
24     15     13     9     14
25     16     12     10     12
26     18     13     9     10
27     17     14     8     11
28     16     13     9     12
29     16     12     10     12
30     17     13     9     11
31     18     12     10     10
32     19     13     9     9
33     17     12     10     12
34     16     13     9     13
35     17     12     8     14
36     16     13     9     12
37     17     12     8     13
38     16     13     9     11
39     17     12     10     10
40     16     11     13     9
41     17     12     11     11
42     16     13     10     12
43     16     13     11     10
44     17     12     9     12
45     16     13     10     11
46     17     14     9     10
47     15     14     10     11
48     16     13     11     10
49     17     11     12     11
Species Fitness Mean
Generations     Species 1     Species 2     Species 3     Species 4
0     25.5     NA     NA     NA
1     72.025     68.125     88.0     NA
2     120.6923076923077     110.88888888888889     96.83333333333333     NA
3     165.33333333333334     144.0     149.45454545454547     180.0
4     205.23529411764707     192.14285714285714     193.5     188.75
5     241.4375     239.93333333333334     215.44444444444446     222.8
6     275.14285714285717     277.35714285714283     263.54545454545456     258.45454545454544
7     318.0     321.93333333333334     288.77777777777777     327.0
8     379.7142857142857     355.5     315.75     361.2307692307692
9     414.15384615384613     393.0     352.55555555555554     395.3333333333333
10     447.4166666666667     445.07142857142856     401.5     422.15384615384613
11     485.2307692307692     482.06666666666666     428.77777777777777     458.7857142857143
12     523.7142857142857     517.0714285714286     468.7     509.3076923076923
13     562.7333333333333     550.9230769230769     509.27272727272725     543.5833333333334
14     594.3846153846154     612.8666666666667     529.1111111111111     606.0714285714286
15     634.2857142857143     648.0     571.9     652.4615384615385
16     697.875     680.3076923076923     596.0     686.25
17     729.7857142857143     713.75     699.1     724.3846153846154
18     761.9230769230769     744.5454545454545     777.4545454545455     754.7142857142857
19     800.9285714285714     803.3846153846154     807.7     787.0
20     833.0     836.5833333333334     845.3636363636364     843.5714285714286
21     867.6923076923077     870.75     881.5     874.4166666666666
22     896.6666666666666     916.6     910.8181818181819     904.8181818181819
23     944.0714285714286     948.7142857142857     940.5     955.5384615384615
24     1033.2     980.2307692307693     968.1111111111111     995.0714285714286
25     1094.25     1009.0833333333334     1008.5     1024.1666666666667
26     1133.7777777777778     1048.7692307692307     1031.111111111111     1047.3
27     1170.7058823529412     1091.0     1051.75     1088.090909090909
28     1206.9375     1121.5384615384614     1098.0     1173.25
29     1243.6875     1149.0833333333333     1142.9     1208.25
30     1291.8823529411766     1256.923076923077     1162.5555555555557     1239.2727272727273
31     1332.3333333333333     1291.5833333333333     1268.4     1268.2
32     1370.578947368421     1329.6153846153845     1292.888888888889     1294.3333333333333
33     1406.5294117647059     1363.25     1337.2     1348.25
34     1442.5625     1404.923076923077     1362.111111111111     1425.6153846153845
35     1482.4117647058824     1434.9166666666667     1382.375     1464.7857142857142
36     1516.9375     1476.8461538461538     1428.2222222222222     1494.6666666666667
37     1556.5294117647059     1504.9166666666667     1445.375     1533.923076923077
38     1589.5625     1608.2307692307693     1492.7777777777778     1559.090909090909
39     1628.8823529411766     1639.5     1538.8     1585.3
40     1661.3125     1670.7272727272727     1632.8461538461538     1608.3333333333333
41     1703.0     1709.5     1653.0     1659.7272727272727
42     1736.5625     1750.3846153846155     1677.8     1703.0
43     1773.3125     1785.923076923077     1722.5454545454545     1719.7
44     1815.0588235294117     1815.3333333333333     1730.3333333333333     1773.8333333333333
45     1846.8125     1857.0     1778.6     1798.8181818181818
46     1889.1764705882354     1897.0714285714287     1794.111111111111     1820.5
47     1913.5333333333333     1934.7857142857142     1845.8     1867.5454545454545
48     1957.0625     1963.6153846153845     1894.3636363636363     1887.7
49     2045.7058823529412     1981.6363636363637     1943.4166666666667     1936.2727272727273
