Fitness Statistics
Generations     Max     Mean     Standard Deviation
0                 999.0         54.51428571428571          152.61059154941134
1                 1013.0         112.71830985915493          196.70548393786066
2                 1540.0         215.97142857142856          300.83184536161303
3                 1540.0         265.2361111111111          325.35965113221476
4                 1540.0         313.0422535211268          327.30626724955505
5                 1540.0         312.6          355.26551036815107
6                 1540.0         397.64285714285717          368.628385687665
7                 1540.0         364.37142857142857          368.72836193864885
8                 1540.0         371.1          369.8529495430776
9                 1540.0         343.9861111111111          356.9289725894572
10                 1540.0         340.94202898550725          379.56168023541255
11                 1540.0         367.9142857142857          383.83857257435494
12                 1546.0         419.48571428571427          406.22930691411017
13                 1546.0         368.01428571428573          400.378517079495
14                 1546.0         391.5285714285714          420.2344828928784
15                 1546.0         388.95714285714286          426.07522594404065
16                 1546.0         425.5147058823529          420.86491799091755
17                 1546.0         420.6619718309859          450.33133165722353
18                 1546.0         388.5833333333333          450.16150651121245
19                 1546.0         480.80555555555554          452.35349497221773
20                 1667.0         476.7323943661972          495.7178024388778
21                 1668.0         556.6666666666666          528.5338393363961
22                 1668.0         511.95714285714286          510.53024076414306
23                 1668.0         513.5633802816901          534.8385232786994
24                 1668.0         481.98571428571427          530.7435079437995
25                 1668.0         494.57142857142856          520.6316375719174
26                 1668.0         512.9855072463768          514.2983539652927
27                 1668.0         505.5217391304348          526.7371153220978
28                 1668.0         528.1304347826087          507.99874223978384
29                 1668.0         542.2058823529412          507.1166056540682
30                 1668.0         555.9852941176471          531.7607680993582
31                 1668.0         537.1449275362319          548.2514834826594
32                 1668.0         568.6714285714286          537.9326755918327
33                 1668.0         554.463768115942          526.6045068723445
34                 1668.0         552.6086956521739          545.6906066492762
35                 1668.0         550.9714285714285          548.1542528321377
36                 1668.0         517.5277777777778          520.0606527720863
37                 1818.0         523.7808219178082          551.1874664702063
38                 1818.0         506.8888888888889          554.6083842465268
39                 1818.0         627.0694444444445          559.2467733575246
40                 1826.0         548.1857142857143          573.9551324638823
41                 1826.0         612.4444444444445          566.8582002016046
42                 1826.0         560.4285714285714          563.3740845864971
43                 1878.0         549.3055555555555          581.5638552617534
44                 2017.0         623.2714285714286          619.5213110926525
45                 2017.0         645.0294117647059          601.8537043899365
46                 2017.0         546.1884057971015          582.540818383541
47                 2017.0         580.8115942028985          561.0028617396415
48                 2017.0         558.0289855072464          580.5555053670703
49                 2017.0         626.5571428571428          612.496871962025
Species Statistics
Species Sizes
Generations     Species 1     Species 2     Species 3     Species 4     Species 5     Species 6     Species 7
0     40     20     10     0     0     0     0
1     11     13     27     3     8     9     0
2     8     4     17     8     15     3     15
3     18     4     13     6     14     3     14
4     17     6     12     7     13     3     13
5     20     9     11     1     13     3     13
6     19     8     10     4     14     3     12
7     15     1     11     13     15     4     11
8     16     13     13     1     15     2     10
9     17     2     12     12     13     3     13
10     14     4     12     10     13     3     13
11     13     9     13     6     14     3     12
12     13     8     12     10     12     3     12
13     11     9     12     9     12     3     14
14     12     8     11     10     11     3     15
15     12     9     9     9     14     4     13
16     14     8     11     10     11     2     12
17     13     9     10     11     12     3     13
18     14     8     11     10     13     4     12
19     12     9     13     11     12     1     14
20     10     7     11     9     9     13     12
21     11     6     10     8     10     14     10
22     11     7     9     9     9     13     12
23     12     8     10     8     10     12     11
24     13     7     9     7     9     13     12
25     12     8     8     8     10     11     13
26     11     7     9     9     9     12     12
27     13     6     10     8     10     11     11
28     11     7     9     7     11     12     12
29     12     8     8     8     10     11     11
30     11     7     10     9     9     10     12
31     13     6     13     8     8     11     10
32     12     7     9     9     9     13     11
33     11     8     10     8     8     14     10
34     12     7     9     9     10     13     9
35     13     6     10     8     11     12     10
36     12     7     11     9     10     12     11
37     11     8     10     10     11     11     12
38     12     6     11     9     10     13     11
39     12     7     10     10     9     12     12
40     13     6     9     8     8     13     13
41     11     7     11     9     9     14     11
42     14     6     10     8     10     13     9
43     14     7     11     9     9     11     11
44     13     6     10     8     8     13     12
45     11     5     9     9     7     16     11
46     13     6     8     8     8     16     10
47     12     7     9     9     9     14     9
48     11     6     10     8     10     13     11
49     12     7     9     9     9     14     10
Species Fitness Mean
Generations     Species 1     Species 2     Species 3     Species 4     Species 5     Species 6     Species 7
0     30.9     35.05     54.8     NA     NA     NA     NA
1     94.72727272727273     83.6923076923077     84.22222222222223     92.0     109.5     117.0     NA
2     135.75     92.0     137.05882352941177     125.25     154.26666666666668     140.66666666666666     144.26666666666668
3     190.66666666666666     104.5     179.23076923076923     153.5     196.28571428571428     146.33333333333334     205.28571428571428
4     238.05882352941177     165.66666666666666     223.0     203.28571428571428     234.15384615384616     146.33333333333334     242.23076923076923
5     263.15     244.88888888888889     273.1818181818182     291.0     289.15384615384613     146.33333333333334     288.7692307692308
6     323.05263157894734     289.375     324.7     324.75     331.7857142857143     146.33333333333334     324.0
7     386.3333333333333     387.0     373.8181818181818     351.0     404.46666666666664     210.5     363.8181818181818
8     428.6875     401.3076923076923     437.38461538461536     436.0     449.3333333333333     127.0     393.2
9     501.6470588235294     491.0     465.0     449.0     475.0     247.33333333333334     454.0769230769231
10     536.8571428571429     505.0     504.0     493.2     515.0     247.33333333333334     532.1538461538462
11     572.9230769230769     526.0     560.5384615384615     542.8333333333334     558.0714285714286     247.33333333333334     565.0
12     610.6153846153846     585.125     595.6666666666666     584.3     586.4166666666666     247.33333333333334     622.6666666666666
13     634.2727272727273     623.4444444444445     632.4166666666666     616.6666666666666     643.4166666666666     247.33333333333334     679.5
14     677.0833333333334     645.5     661.2727272727273     694.3     671.7272727272727     247.33333333333334     721.6666666666666
15     753.9166666666666     688.7777777777778     673.2222222222222     721.7777777777778     728.6428571428571     390.25     751.3846153846154
16     823.7142857142857     706.75     773.6363636363636     762.9     737.1818181818181     127.0     780.5833333333334
17     862.5384615384615     753.4444444444445     800.6     819.2727272727273     784.4166666666666     378.3333333333333     826.7692307692307
18     939.7142857142857     768.625     847.0909090909091     846.7     831.3846153846154     516.75     857.0833333333334
19     972.3333333333334     820.7777777777778     821.3846153846154     892.7272727272727     860.1666666666666     1015.0     913.6428571428571
20     1021.7     858.0     957.8181818181819     902.5555555555555     843.5555555555555     1059.8461538461538     934.3333333333334
21     1055.909090909091     854.1666666666666     983.6     916.875     937.3     1109.0     933.0
22     1089.7272727272727     915.1428571428571     1002.5555555555555     969.2222222222222     952.5555555555555     1140.6923076923076     1047.75
23     1133.8333333333333     973.625     1052.9     978.75     1006.6     1177.3333333333333     1072.6363636363637
24     1209.6153846153845     1106.5714285714287     1168.0     976.2857142857143     1017.2222222222222     1229.076923076923     1122.0
25     1243.5     1153.5     1190.0     1040.625     1075.9     1257.7272727272727     1171.2307692307693
26     1272.909090909091     1162.5714285714287     1234.6666666666667     1100.5555555555557     1083.888888888889     1299.0     1194.75
27     1323.4615384615386     1158.0     1279.4     1100.0     1142.4     1329.0     1213.7272727272727
28     1342.7272727272727     1217.4285714285713     1298.6666666666667     1087.142857142857     1200.1818181818182     1371.0     1266.75
29     1388.25     1274.125     1310.625     1161.25     1211.0     1398.090909090909     1282.8181818181818
30     1412.5454545454545     1271.7142857142858     1380.2     1337.6666666666667     1211.2222222222222     1419.5     1337.25
31     1470.3846153846155     1253.0     1478.1538461538462     1342.25     1198.625     1467.909090909091     1326.2
32     1494.75     1326.0     1462.6666666666667     1401.0     1274.5555555555557     1570.6153846153845     1387.5454545454545
33     1516.5454545454545     1472.875     1513.9     1404.125     1260.5     1614.5714285714287     1394.1
34     1568.25     1472.142857142857     1528.0     1465.6666666666667     1378.3     1646.0     1391.3333333333333
35     1659.5384615384614     1455.3333333333333     1581.8     1462.875     1443.8181818181818     1673.6666666666667     1462.0
36     1686.5833333333333     1527.5714285714287     1636.6363636363637     1530.3333333333333     1446.2     1727.0     1530.090909090909
37     1710.8181818181818     1595.375     1654.6     1595.8     1519.4545454545455     1753.3636363636363     1596.0
38     1763.0833333333333     1531.3333333333333     1710.8181818181818     1598.3333333333333     1517.6     1873.8461538461538     1597.7272727272727
39     1801.3333333333333     1615.5714285714287     1724.6     1667.2     1507.2222222222222     1905.3333333333333     1665.75
40     1853.923076923077     1582.3333333333333     1726.6666666666667     1621.625     1478.0     1950.2307692307693     1726.6153846153845
41     1856.2727272727273     1672.7142857142858     1932.5454545454545     1699.6666666666667     1573.2222222222222     2017.2857142857142     1706.8181818181818
42     2030.5714285714287     1707.0     1952.0     1684.125     1658.3     2048.230769230769     1653.3333333333333
43     2151.785714285714     1793.857142857143     2005.2727272727273     1766.3333333333333     1639.888888888889     2065.5454545454545     1781.0
44     2187.4615384615386     1757.0     2020.6     1746.625     1603.0     2213.0     1851.75
45     2256.5454545454545     1684.4     2164.1111111111113     1831.6666666666667     1541.7142857142858     2280.375     1848.6363636363637
46     2298.0     1805.0     2179.375     1806.625     1663.0     2319.9375     1837.2
47     2333.5833333333335     1905.2857142857142     2230.1111111111113     1896.3333333333333     1769.888888888889     2353.714285714286     1814.6666666666667
48     2363.3636363636365     1853.0     2278.2     1866.625     1862.7     2387.3076923076924     1954.8181818181818
49     2405.5833333333335     1960.142857142857     2294.1111111111113     1960.3333333333333     1833.888888888889     2429.9285714285716     1940.1
