Fitness Statistics
Generations     Max     Mean     Standard Deviation
0                 479.0         39.86          102.02882141826392
1                 483.0         64.12          124.20944247519988
2                 777.0         160.14          160.57322441802057
3                 1653.0         234.52941176470588          282.56238963618085
4                 1653.0         232.06          265.87714531339464
5                 1653.0         270.1372549019608          297.30812033308786
6                 1653.0         274.72549019607845          292.80563575628474
7                 1653.0         305.27450980392155          273.818895238195
8                 1653.0         308.42          267.60501415332254
9                 1653.0         266.06          279.7698632805185
10                 1653.0         314.7          302.59638133989637
11                 1653.0         329.94          328.71534250776915
12                 1653.0         279.98039215686276          295.2982201626328
13                 1653.0         320.42          310.9864363601731
14                 1653.0         362.52941176470586          326.5037820962928
15                 1653.0         251.2549019607843          293.25046800606253
16                 1653.0         274.9795918367347          307.22932269945204
17                 1653.0         315.36          347.5153383665245
18                 1653.0         283.47058823529414          296.30895064609047
19                 1653.0         251.27450980392157          278.7277875388967
20                 1653.0         254.46          286.8854273050481
21                 1653.0         331.34          351.33804860845925
22                 1653.0         271.27450980392155          288.3935953186862
23                 1653.0         249.86          296.2761556386204
24                 1653.0         289.6326530612245          280.88051740237626
25                 1653.0         292.45098039215685          288.07442623054624
26                 1653.0         268.84          328.09531298084715
27                 1653.0         264.3529411764706          268.2493589363837
28                 1653.0         261.52          279.9212203460109
29                 1653.0         313.44897959183675          304.39622816889266
30                 1653.0         303.6734693877551          285.1728718639749
31                 1653.0         341.14          291.77148661238306
32                 1653.0         329.7755102040816          295.5595361348537
33                 1653.0         261.6          288.34888590039674
34                 1653.0         282.84313725490193          299.92524379362834
35                 1653.0         277.14285714285717          282.3748413375529
36                 1653.0         247.2549019607843          290.07685547767153
37                 1653.0         313.7551020408163          299.73256995925107
38                 1653.0         365.0980392156863          363.8940944243801
39                 1653.0         297.12          309.6568836631926
40                 1653.0         298.46          293.6751409295652
41                 1653.0         368.18367346938777          307.0036676952612
42                 1653.0         273.2549019607843          271.40938206342315
43                 1653.0         286.45098039215685          309.619837341714
44                 1653.0         264.4313725490196          293.88901832867884
45                 1883.0         314.8979591836735          377.32734907926044
46                 1883.0         322.84          374.7453193837116
47                 1883.0         384.56          473.24763750070645
48                 1883.0         426.94          412.91521696348264
49                 1883.0         445.51020408163265          407.6527695332409
Species Statistics
Species Sizes
Generations     Species 1     Species 2     Species 3     Species 4     Species 5     Species 6
0     43     7     0     0     0     0
1     14     21     14     1     0     0
2     7     22     12     7     2     0
3     5     21     11     1     13     0
4     4     24     10     2     10     0
5     5     23     12     2     9     0
6     4     24     14     2     7     0
7     5     22     14     2     8     0
8     6     21     12     2     9     0
9     7     19     12     2     10     0
10     6     20     11     2     11     0
11     7     21     10     2     10     0
12     8     21     9     2     11     0
13     9     19     8     2     12     0
14     8     20     10     2     11     0
15     9     21     9     2     10     0
16     10     18     9     2     10     0
17     11     19     10     2     8     0
18     9     20     11     2     9     0
19     8     19     12     2     10     0
20     10     18     11     2     9     0
21     9     19     10     2     10     0
22     8     20     12     2     9     0
23     7     17     13     3     10     0
24     8     16     12     4     9     0
25     9     15     11     6     10     0
26     8     16     10     5     11     0
27     7     17     11     6     10     0
28     6     16     12     7     9     0
29     7     15     11     8     8     0
30     8     17     10     7     7     0
31     7     16     11     6     10     0
32     8     15     10     5     11     0
33     7     16     11     6     10     0
34     8     13     12     7     11     0
35     7     16     11     6     9     0
36     9     15     12     5     10     0
37     8     17     11     4     9     0
38     10     17     11     3     9     1
39     7     18     10     4     8     3
40     6     16     9     5     9     5
41     5     15     10     4     8     7
42     6     16     9     5     7     8
43     7     13     10     6     8     7
44     6     14     9     7     9     6
45     5     13     10     6     10     5
46     6     12     9     4     11     8
47     5     14     8     5     12     6
48     4     14     6     7     14     5
49     5     13     7     6     12     6
Species Fitness Mean
Generations     Species 1     Species 2     Species 3     Species 4     Species 5     Species 6
0     24.093023255813954     34.142857142857146     NA     NA     NA     NA
1     78.28571428571429     65.57142857142857     76.14285714285714     98.0     NA     NA
2     103.85714285714286     130.72727272727272     108.0     103.71428571428571     107.5     NA
3     147.4     178.76190476190476     152.1818181818182     151.0     141.0     NA
4     177.75     222.08333333333334     203.8     171.0     191.3     NA
5     218.2     266.4782608695652     246.66666666666666     193.5     230.33333333333334     NA
6     243.75     310.25     295.0     216.5     266.0     NA
7     285.4     354.59090909090907     333.07142857142856     239.5     341.0     NA
8     331.6666666666667     397.5238095238095     374.25     262.5     382.3333333333333     NA
9     377.14285714285717     439.94736842105266     427.5833333333333     285.0     436.6     NA
10     459.5     482.95     466.8181818181818     307.5     476.54545454545456     NA
11     499.57142857142856     526.0952380952381     523.8     330.0     516.4     NA
12     552.5     569.9047619047619     564.5555555555555     352.5     559.0     NA
13     615.2222222222222     611.421052631579     597.75     375.5     595.8333333333334     NA
14     654.125     655.85     641.7     398.0     635.3636363636364     NA
15     695.2222222222222     700.3809523809524     671.2222222222222     421.0     698.5     NA
16     738.8     739.0     712.1111111111111     444.0     739.9     NA
17     780.1818181818181     782.8947368421053     755.1     466.0     775.875     NA
18     816.1111111111111     827.8     799.2727272727273     488.5     819.2222222222222     NA
19     844.0     870.0526315789474     888.4166666666666     511.5     854.2     NA
20     893.6     910.8888888888889     930.1818181818181     534.5     892.1111111111111     NA
21     929.8888888888889     955.3157894736842     969.2     557.0     936.1     NA
22     962.125     1000.7     1025.6666666666667     579.5     972.1111111111111     NA
23     994.5714285714286     1036.8235294117646     1069.7692307692307     1039.0     1018.9     NA
24     1043.5     1075.1875     1110.9166666666667     1077.0     1054.7777777777778     NA
25     1093.4444444444443     1114.6     1153.090909090909     1137.5     1101.7     NA
26     1124.875     1160.5     1191.5     1172.4     1147.6363636363637     NA
27     1151.4285714285713     1207.1764705882354     1234.0     1213.3333333333333     1183.6     NA
28     1172.8333333333333     1245.8125     1277.75     1256.4285714285713     1218.3333333333333     NA
29     1229.4285714285713     1282.6     1316.7272727272727     1299.5     1249.25     NA
30     1280.625     1332.3529411764705     1351.7     1332.7142857142858     1273.4285714285713     NA
31     1304.857142857143     1370.5     1396.7272727272727     1362.5     1344.7     NA
32     1360.25     1406.7333333333333     1433.6     1450.4     1392.1818181818182     NA
33     1381.142857142857     1453.9375     1477.6363636363637     1489.0     1424.8     NA
34     1439.875     1478.1538461538462     1526.1666666666667     1530.142857142857     1474.909090909091     NA
35     1458.2857142857142     1538.3125     1559.4545454545455     1564.8333333333333     1495.6666666666667     NA
36     1531.6666666666667     1575.6666666666667     1606.8333333333333     1593.6     1545.4     NA
37     1554.5     1627.8823529411766     1640.3636363636363     1616.5     1573.888888888889     NA
38     1622.8     1671.1764705882354     1682.1818181818182     1623.0     1612.111111111111     1744.0
39     1611.7142857142858     1717.4444444444443     1714.4     1685.5     1639.5     1763.6666666666667
40     1622.0     1748.3125     1746.7777777777778     1737.6     1697.4444444444443     1812.8
41     1614.2     1781.9333333333334     1795.4     1750.0     1720.0     1860.4285714285713
42     1695.3333333333333     1830.8125     1825.0     1902.2     1736.2857142857142     1896.625
43     1767.7142857142858     1848.3076923076924     1878.2     1941.0     1798.75     1933.2857142857142
44     1772.0     1899.5714285714287     1906.7777777777778     1977.142857142857     1857.4444444444443     1993.6666666666667
45     1758.2     1929.5384615384614     1957.4     2011.0     1911.7     2026.8
46     1837.8333333333333     1949.0     1977.0     2027.5     2114.4545454545455     2071.0
47     1820.6     2011.0     1997.875     2074.2     2154.8333333333335     2102.0
48     1775.0     2050.0     1985.6666666666667     2169.714285714286     2196.0714285714284     2127.6
49     1891.8     2080.923076923077     2053.1428571428573     2205.6666666666665     2234.5833333333335     2172.0
