Fitness Statistics
Generations     Max     Mean     Standard Deviation
0                 480.0         46.16          104.39719536462657
1                 994.0         123.82          176.38805968658994
2                 1544.0         211.40816326530611          273.5736231443007
3                 1544.0         238.38          273.3599743927409
4                 1809.0         254.34          355.6270299063331
5                 1809.0         317.02          404.5707596947658
6                 1809.0         361.5686274509804          419.23727452255076
7                 1809.0         389.9019607843137          386.9053314266312
8                 1809.0         454.12          401.4597683454719
9                 1809.0         486.8235294117647          481.35913403295365
10                 1809.0         496.48          523.4123896126266
11                 1809.0         457.54          494.1927644148588
12                 1879.0         551.8163265306123          563.5940670256434
13                 1879.0         442.0          528.3840270106582
14                 1984.0         664.2857142857143          606.5421902649713
15                 1984.0         551.469387755102          579.7353056120478
16                 1998.0         571.7          588.7968155484539
17                 1998.0         569.4313725490196          572.8001483904795
18                 1998.0         633.6          559.0186401185564
19                 1998.0         586.9591836734694          575.7820576623279
20                 1998.0         525.6862745098039          583.3168677854117
21                 1998.0         470.5882352941176          573.7888925335911
22                 1998.0         501.0408163265306          571.9343104560913
23                 1998.0         484.9387755102041          603.6494931144034
24                 1998.0         495.265306122449          581.4640486020982
25                 1998.0         607.204081632653          558.8360344973543
26                 1998.0         554.78          580.8789991039442
27                 1998.0         514.8163265306123          565.6877220844711
28                 1998.0         595.22          620.7031267844557
29                 1998.0         504.3          584.9219862511582
30                 1998.0         542.3          588.0688480101628
31                 1998.0         503.96          583.6845709799087
32                 1998.0         511.7755102040816          588.4263089231335
33                 1998.0         512.75          599.4352724300876
34                 1998.0         542.2291666666666          587.1359950210051
35                 1998.0         552.4285714285714          592.0257854285105
36                 1998.0         555.7          581.8714376904919
37                 1998.0         483.9807692307692          592.9201039180383
38                 1998.0         504.03921568627453          604.5332330274978
39                 1998.0         593.7          583.2962969194987
40                 1998.0         633.4489795918367          594.672300814576
41                 1998.0         485.3          596.5700042744354
42                 1998.0         532.8333333333334          621.8113772591242
43                 1998.0         499.9          585.9226996797444
44                 1998.0         545.1632653061224          597.2027771351277
45                 1998.0         535.9583333333334          580.2022620867275
46                 1998.0         575.2244897959183          581.9766902305269
47                 1998.0         548.32          592.8633717813912
48                 1998.0         648.4081632653061          616.4834744087433
49                 1998.0         497.5098039215686          600.3791734101603
50                 1998.0         552.12          587.6376311980029
51                 1998.0         493.7647058823529          580.0309521232397
52                 1998.0         545.9803921568628          607.1228996684338
53                 2004.0         554.7755102040817          638.3075921978311
54                 2004.0         519.7647058823529          600.0292341974515
55                 2004.0         621.5918367346939          624.7811018584697
56                 2007.0         589.22          628.7362655358763
57                 2007.0         648.2448979591836          619.2469927130637
58                 2007.0         511.81632653061223          624.7021714375184
59                 2007.0         577.4897959183673          653.912842050007
60                 2007.0         606.1224489795918          599.7803214393077
61                 2007.0         586.52          620.6621058192613
62                 2007.0         606.7          641.045435207209
63                 2007.0         574.4313725490196          628.6037517091526
64                 2007.0         626.32          646.2125792647495
65                 2007.0         616.88          666.2709250747776
66                 2007.0         670.1836734693877          595.1970235781607
67                 2007.0         681.9591836734694          636.7021524913267
68                 2007.0         607.78          615.1210381705376
69                 2007.0         579.48          622.7612139496165
Species Statistics
Species Sizes
Generations     Species 1     Species 2     Species 3     Species 4     Species 5     Species 6     Species 7
0     33     17     0     0     0     0     0
1     16     14     16     4     0     0     0
2     3     12     16     12     6     0     0
3     5     11     17     9     8     0     0
4     10     11     16     1     12     0     0
5     9     8     15     3     1     10     4
6     7     5     12     4     3     8     12
7     6     3     13     3     4     10     12
8     5     4     15     2     3     10     11
9     6     5     14     3     2     11     10
10     5     4     13     2     3     12     11
11     6     3     12     3     2     11     13
12     5     4     11     2     3     12     12
13     4     3     12     3     4     13     11
14     5     4     11     2     3     12     12
15     4     3     12     3     2     14     11
16     5     4     11     2     3     12     13
17     4     3     12     3     4     11     14
18     5     4     13     2     3     12     11
19     4     3     12     3     2     11     14
20     6     4     13     2     3     10     13
21     5     5     13     3     4     9     12
22     4     4     12     2     3     10     14
23     5     5     11     3     2     11     12
24     6     4     14     2     3     10     10
25     5     3     14     3     2     11     11
26     4     4     13     2     3     12     12
27     5     3     12     3     2     13     11
28     4     4     11     4     3     12     12
29     5     3     12     3     4     11     12
30     4     4     14     2     3     11     12
31     5     3     12     3     4     10     13
32     4     4     11     4     3     12     11
33     5     5     10     3     2     11     12
34     6     4     12     2     3     10     11
35     5     3     11     3     4     11     12
36     4     4     14     2     3     11     12
37     5     6     12     3     4     12     10
38     6     7     11     4     3     11     9
39     5     6     11     3     2     11     12
40     4     5     10     2     3     12     13
41     5     6     9     3     2     11     14
42     4     5     10     2     3     12     12
43     5     6     12     3     2     11     11
44     4     5     11     4     3     12     10
45     5     6     10     3     2     11     11
46     4     5     11     2     3     12     12
47     5     6     12     3     2     11     11
48     4     5     11     2     3     12     12
49     5     6     12     3     2     11     12
50     6     5     11     2     3     10     13
51     5     6     12     3     4     9     12
52     6     5     11     4     3     11     11
53     5     6     12     0     2     14     10
54     6     7     11     0     3     13     11
55     5     6     14     0     0     12     12
56     6     7     13     0     0     11     13
57     5     6     14     0     0     10     14
58     4     7     14     0     0     12     12
59     6     6     15     0     0     11     11
60     5     7     14     0     0     10     13
61     6     8     13     0     0     11     12
62     5     7     12     0     0     12     14
63     6     8     11     0     0     13     13
64     5     9     10     0     0     14     12
65     6     8     12     0     0     13     11
66     5     7     14     0     0     11     12
67     6     8     14     0     0     10     11
68     5     7     15     0     0     11     12
69     6     8     12     0     0     12     12
Species Fitness Mean
Generations     Species 1     Species 2     Species 3     Species 4     Species 5     Species 6     Species 7
0     23.363636363636363     29.647058823529413     NA     NA     NA     NA     NA
1     55.875     76.07142857142857     73.625     83.5     NA     NA     NA
2     88.0     107.33333333333333     119.0625     96.5     99.83333333333333     NA     NA
3     111.4     128.0909090909091     162.11764705882354     139.0     146.0     NA     NA
4     161.6     194.8181818181818     197.0625     178.0     161.41666666666666     NA     NA
5     228.77777777777777     219.375     221.73333333333332     205.33333333333334     219.0     232.9     219.25
6     251.42857142857142     251.6     266.4166666666667     228.75     247.33333333333334     277.75     251.0
7     272.3333333333333     244.66666666666666     302.61538461538464     231.0     269.25     311.2     301.6666666666667
8     286.8     276.25     335.26666666666665     198.0     284.0     340.0     329.54545454545456
9     320.3333333333333     321.8     365.14285714285717     255.33333333333334     259.0     378.90909090909093     358.1
10     330.6     327.5     393.9230769230769     198.0     308.3333333333333     413.0     419.54545454545456
11     367.6666666666667     312.3333333333333     423.8333333333333     279.6666666666667     259.0     440.6363636363636     454.7692307692308
12     373.8     363.5     450.1818181818182     198.0     332.3333333333333     472.1666666666667     482.75
13     364.25     336.6666666666667     513.0833333333334     303.3333333333333     452.25     513.0769230769231     510.3636363636364
14     416.4     399.0     541.0909090909091     198.0     442.6666666666667     540.0833333333334     541.9166666666666
15     398.75     359.6666666666667     570.5833333333334     327.0     389.0     602.9285714285714     566.8181818181819
16     458.4     434.0     598.3636363636364     198.0     466.0     632.0     620.7692307692307
17     435.25     384.0     631.4166666666666     350.6666666666667     558.5     651.1818181818181     677.4285714285714
18     588.6     470.5     665.8461538461538     198.0     537.3333333333334     685.3333333333334     705.6363636363636
19     578.75     407.6666666666667     690.5833333333334     375.0     459.5     709.2727272727273     738.2857142857143
20     744.3333333333334     506.0     726.7692307692307     198.0     561.0     736.3     768.5384615384615
21     763.2     581.6     759.7692307692307     399.0     667.0     760.7777777777778     797.5833333333334
22     768.75     660.75     782.25     198.0     633.6666666666666     793.1     831.7142857142857
23     805.2     717.8     806.1818181818181     423.0     531.5     828.7272727272727     855.9166666666666
24     840.3333333333334     695.75     854.1428571428571     198.0     657.0     852.3     875.4
25     846.0     636.0     882.4285714285714     446.3333333333333     531.5     886.8181818181819     909.3636363636364
26     838.75     730.75     906.1538461538462     198.0     680.3333333333334     922.0     944.25
27     888.6     659.6666666666666     928.9166666666666     470.0     531.5     957.9230769230769     967.4545454545455
28     875.25     767.25     950.1818181818181     822.75     704.6666666666666     981.1666666666666     1003.4166666666666
29     932.4     684.0     1044.4166666666667     759.0     809.0     994.8181818181819     1033.4166666666667
30     910.25     802.25     1083.142857142857     596.0     835.3333333333334     1022.6363636363636     1063.4166666666667
31     975.6     708.0     1103.5833333333333     783.0     925.5     1041.9     1100.2307692307693
32     947.25     927.75     1127.6363636363637     1139.5     860.0     1093.6666666666667     1113.909090909091
33     1018.2     1001.6     1145.8     1133.0     692.5     1111.8181818181818     1150.9166666666667
34     1076.3333333333333     961.25     1191.0833333333333     1085.5     882.3333333333334     1125.9     1169.5454545454545
35     1059.0     872.3333333333334     1211.090909090909     1155.6666666666667     995.0     1167.4545454545455     1208.4166666666667
36     1015.25     995.75     1263.142857142857     1085.5     976.0     1194.4545454545455     1238.4166666666667
37     1101.0     1360.5     1282.75     1179.3333333333333     1083.5     1241.1666666666667     1245.0
38     1171.6666666666667     1390.7142857142858     1304.3636363636363     1298.0     1001.3333333333334     1260.7272727272727     1256.888888888889
39     1144.8     1409.1666666666667     1331.3636363636363     1405.0     798.5     1287.7272727272727     1400.3333333333333
40     1087.75     1422.2     1345.8     1386.5     1025.0     1330.3333333333333     1435.076923076923
41     1187.4     1456.5     1356.5555555555557     1428.6666666666667     798.5     1345.8181818181818     1470.642857142857
42     1123.25     1464.8     1402.6     1386.5     1048.6666666666667     1389.5     1487.8333333333333
43     1229.4     1503.1666666666667     1460.25     1452.0     798.5     1403.090909090909     1509.5454545454545
44     1159.25     1508.0     1477.0     1547.25     1072.6666666666667     1449.5     1527.5
45     1272.0     1550.5     1487.4     1534.6666666666667     798.5     1461.1818181818182     1566.0
46     1192.75     1548.2     1531.8181818181818     1475.0     1095.0     1505.3333333333333     1604.5
47     1313.4     1596.5     1576.9166666666667     1557.6666666666667     798.5     1517.6363636363637     1624.090909090909
48     1228.25     1590.8     1589.909090909091     1475.0     1118.6666666666667     1564.5     1663.6666666666667
49     1356.0     1643.8333333333333     1749.1666666666667     1581.3333333333333     798.5     1575.7272727272727     1694.5
50     1454.3333333333333     1635.2     1772.1818181818182     1475.0     1142.6666666666667     1581.9     1734.6153846153845
51     1401.0     1693.8333333333333     1810.0     1605.6666666666667     1333.5     1582.111111111111     1755.3333333333333
52     1504.3333333333333     1680.2     1834.3636363636363     1689.75     1167.6666666666667     1667.3636363636363     1773.0
53     1443.6     1741.1666666666667     1873.3333333333333     NA     798.5     1751.5     1786.7
54     1552.3333333333333     1798.5714285714287     1887.5454545454545     NA     1191.6666666666667     1896.4615384615386     1826.1818181818182
55     1489.2     1791.8333333333333     1942.0714285714287     NA     NA     1919.8333333333333     1873.6666666666667
56     1603.6666666666667     1952.2857142857142     1969.6153846153845     NA     NA     1941.090909090909     1920.7692307692307
57     1536.6     1959.6666666666667     2009.7857142857142     NA     NA     1948.1     2019.0
58     1415.75     2018.2857142857142     2043.2142857142858     NA     NA     2009.8333333333333     2034.0833333333333
59     1682.3333333333333     2025.1666666666667     2085.266666666667     NA     NA     2029.4545454545455     2054.181818181818
60     1606.8     2074.714285714286     2110.9285714285716     NA     NA     2042.5     2110.0
61     1734.3333333333333     2137.625     2136.3076923076924     NA     NA     2093.2727272727275     2132.4166666666665
62     1654.2     2147.8571428571427     2156.6666666666665     NA     NA     2139.8333333333335     2187.8571428571427
63     1787.6666666666667     2197.625     2177.181818181818     NA     NA     2188.3846153846152     2212.3846153846152
64     1702.8     2258.222222222222     2192.7     NA     NA     2235.0714285714284     2233.25
65     2115.5     2278.875     2309.9166666666665     NA     NA     2257.769230769231     2250.5454545454545
66     2079.4     2286.285714285714     2360.1428571428573     NA     NA     2256.909090909091     2299.0833333333335
67     2168.1666666666665     2347.875     2395.285714285714     NA     NA     2267.3     2314.3636363636365
68     2126.2     2353.1428571428573     2435.266666666667     NA     NA     2321.5454545454545     2364.9166666666665
69     2220.8333333333335     2407.125     2441.5833333333335     NA     NA     2374.0     2398.25
