Fitness Statistics
Generations     Max     Mean     Standard Deviation
0                 204.0         34.3          73.94373987476332
1                 204.0         94.06666666666666          98.55216328873198
2                 204.0         104.65517241379311          98.6149865725003
3                 204.0         110.03333333333333          97.91747659239502
4                 482.0         148.13333333333333          113.47502906905211
5                 605.0         163.16129032258064          165.0317851641438
6                 605.0         186.0          167.0514890684905
7                 606.0         200.29032258064515          179.8035116719731
8                 606.0         202.48275862068965          184.49065403665517
9                 606.0         200.29032258064515          175.2276295691181
10                 606.0         200.56666666666666          184.29969855886603
11                 606.0         239.44827586206895          197.3962558088987
12                 606.0         187.71875          190.79443033914146
13                 606.0         197.67741935483872          200.58855129211466
14                 606.0         222.15625          190.17773091489315
15                 606.0         218.58620689655172          193.63608192571806
16                 606.0         244.06666666666666          172.30939872476168
17                 606.0         214.36666666666667          198.14497778702903
18                 606.0         218.48275862068965          187.0479600474361
19                 606.0         204.38709677419354          194.84579136884616
20                 606.0         190.26666666666668          198.4822298231143
21                 606.0         204.5          185.7972685482755
22                 606.0         215.48387096774192          190.13931581152193
23                 606.0         188.58064516129033          193.86938972037723
24                 776.0         224.125          206.8614799207431
25                 776.0         210.93548387096774          202.47659131666921
26                 776.0         200.67741935483872          211.071824970947
27                 776.0         216.5          214.72754054072027
28                 776.0         223.06666666666666          215.5806010650206
29                 776.0         261.8          201.71504653842757
30                 776.0         199.76666666666668          220.86657862962323
31                 776.0         204.125          214.8199464086145
32                 776.0         196.93548387096774          217.0974116848235
33                 776.0         236.8125          220.5398826601438
34                 776.0         245.93333333333334          237.1796693554394
35                 776.0         205.93333333333334          230.44188469595153
36                 776.0         246.70967741935485          207.61552455290962
37                 776.0         220.3          230.81322174722428
38                 1305.0         323.5          286.77979356990966
39                 1305.0         359.76666666666665          307.24438517607155
40                 1305.0         414.4516129032258          340.35700789021394
41                 1305.0         349.35483870967744          315.578889312661
42                 1305.0         375.25          321.45547903247814
43                 1305.0         341.3          348.01783000300424
44                 1305.0         389.61290322580646          341.06254061051663
45                 1305.0         377.38709677419354          366.55824493561863
46                 1305.0         405.1333333333333          338.62257587008116
47                 1305.0         353.7096774193548          351.64876111920273
48                 1305.0         387.53125          362.28881644819995
49                 1305.0         388.1290322580645          318.4269543963894
Species Statistics
Species Sizes
Generations     Species 1     Species 2     Species 3     Species 4     Species 5     Species 6
0     21     9     0     0     0     0
1     12     7     4     7     0     0
2     4     2     3     13     7     0
3     3     1     4     10     11     1
4     4     2     3     9     6     6
5     6     2     2     7     7     7
6     5     2     3     7     5     8
7     6     2     4     6     6     7
8     5     2     3     5     5     9
9     6     2     4     6     4     9
10     5     2     3     7     5     8
11     6     2     4     6     4     7
12     7     2     3     7     5     8
13     6     2     4     6     6     7
14     7     2     3     7     5     8
15     5     2     4     5     5     8
16     6     2     3     6     4     9
17     6     2     4     6     5     7
18     5     2     3     7     4     8
19     7     2     4     6     5     7
20     8     2     3     7     4     6
21     7     2     4     6     5     8
22     7     2     3     6     5     8
23     6     2     4     5     6     8
24     5     2     5     6     7     7
25     6     2     4     5     6     8
26     7     2     3     6     5     8
27     6     2     4     5     4     9
28     6     2     5     5     5     7
29     5     2     6     7     4     6
30     5     2     5     7     5     6
31     6     2     4     6     6     8
32     5     2     3     7     5     9
33     6     2     4     8     4     8
34     6     2     4     8     4     6
35     5     2     5     7     3     8
36     6     2     4     8     4     7
37     6     2     5     5     5     7
38     5     2     4     7     4     8
39     4     2     5     6     7     6
40     5     2     4     5     8     7
41     4     2     5     6     9     5
42     5     2     4     7     8     6
43     5     2     4     5     8     6
44     6     2     5     4     9     5
45     5     2     4     5     9     6
46     4     2     5     4     10     5
47     5     2     4     5     9     6
48     4     2     5     6     8     7
49     5     2     4     5     9     6
Species Fitness Mean
Generations     Species 1     Species 2     Species 3     Species 4     Species 5     Species 6
0     13.714285714285714     19.666666666666668     NA     NA     NA     NA
1     40.25     22.571428571428573     43.75     50.142857142857146     NA     NA
2     62.5     66.5     63.0     50.46153846153846     64.57142857142857     NA
3     68.33333333333333     73.0     67.25     74.3     79.54545454545455     96.0
4     81.25     85.5     70.66666666666667     86.55555555555556     104.16666666666667     100.83333333333333
5     113.5     85.5     56.0     91.0     113.42857142857143     119.28571428571429
6     113.8     85.5     83.0     121.42857142857143     117.2     145.75
7     132.16666666666666     85.5     121.5     131.0     147.16666666666666     162.28571428571428
8     160.6     85.5     116.33333333333333     133.2     155.4     178.88888888888889
9     175.33333333333334     85.5     139.5     153.66666666666666     159.0     193.66666666666666
10     188.6     85.5     128.33333333333334     173.57142857142858     177.0     206.0
11     205.33333333333334     85.5     158.0     214.66666666666666     177.5     215.85714285714286
12     227.42857142857142     85.5     140.0     231.14285714285714     198.0     233.75
13     237.83333333333334     85.5     176.5     240.66666666666666     220.5     243.71428571428572
14     255.28571428571428     85.5     153.0     259.0     221.4     263.0
15     253.4     85.5     196.0     255.4     234.0     275.75
16     273.1666666666667     85.5     165.33333333333334     276.0     223.5     294.0
17     286.5     85.5     213.5     289.3333333333333     255.0     295.85714285714283
18     284.0     85.5     177.33333333333334     309.0     241.5     315.5
19     320.2857142857143     85.5     231.0     313.3333333333333     276.0     321.57142857142856
20     341.0     85.5     189.33333333333334     336.85714285714283     259.5     322.5
21     346.7142857142857     85.5     249.5     338.0     298.2     358.25
22     360.2857142857143     85.5     202.0     350.6666666666667     309.6     372.5
23     361.1666666666667     85.5     269.0     344.2     343.8333333333333     386.75
24     354.2     85.5     379.6     377.3333333333333     374.14285714285717     390.14285714285717
25     387.1666666666667     85.5     371.5     367.6     369.8333333333333     460.75
26     415.2857142857143     85.5     338.3333333333333     402.0     355.8     475.0
27     411.1666666666667     85.5     390.5     389.2     327.0     494.0
28     474.1666666666667     85.5     528.6     401.2     377.4     494.14285714285717
29     469.0     85.5     557.0     506.42857142857144     344.0     495.5
30     479.8     85.5     569.6     584.5714285714286     399.0     507.5
31     510.1666666666667     85.5     575.0     595.6666666666666     441.8333333333333     544.0
32     501.4     85.5     571.6666666666666     610.2857142857143     421.8     566.3333333333334
33     534.8333333333334     85.5     593.5     627.875     381.5     573.25
34     548.1666666666666     85.5     603.5     652.0     391.5     558.8333333333334
35     535.6     85.5     644.2     661.4285714285714     308.3333333333333     600.25
36     572.1666666666666     85.5     645.0     679.0     409.5     601.2857142857143
37     586.1666666666666     85.5     667.6     675.4     589.4     614.1428571428571
38     568.6     85.5     663.5     700.7142857142857     718.0     641.5
39     533.5     85.5     730.0     719.5     754.7142857142857     616.1666666666666
40     587.8     85.5     733.75     722.8     774.125     649.1428571428571
41     612.25     85.5     773.2     744.1666666666666     789.4444444444445     609.4
42     658.8     85.5     779.0     765.0     803.375     654.1666666666666
43     811.8     85.5     789.0     757.6     823.5     666.1666666666666
44     827.5     85.5     807.4     749.0     842.2222222222222     643.6
45     834.0     85.5     807.5     779.8     857.0     690.8333333333334
46     836.0     85.5     830.2     767.0     876.6     665.2
47     856.2     85.5     826.0     802.0     889.7777777777778     715.5
48     854.5     85.5     852.4     890.1666666666666     902.125     757.7142857142857
49     879.6     85.5     845.5     895.0     920.1111111111111     741.5
