Fitness Statistics
Generations     Max     Mean     Standard Deviation
0                 322.0         28.6          69.53045695552743
1                 483.0         73.9          103.98889363773418
2                 777.0         101.07446808510639          134.07121316369577
3                 777.0         151.68817204301075          173.46494043184683
4                 1391.0         184.05434782608697          226.39890555746544
5                 1391.0         198.28571428571428          248.4954854306912
6                 1391.0         177.57608695652175          257.664014194406
7                 1391.0         194.4673913043478          285.4594866209395
8                 1391.0         173.2391304347826          262.0232469592536
9                 1391.0         221.15384615384616          314.2793578854638
10                 1391.0         233.44565217391303          301.2038658208825
11                 1391.0         216.11827956989248          302.89938886267856
12                 1391.0         178.37362637362637          265.9795352101091
13                 1391.0         242.32967032967034          320.4807191040886
14                 1391.0         214.05376344086022          308.5443230072951
15                 1393.0         270.0744680851064          373.61802770305013
16                 1393.0         254.72826086956522          365.7671837106004
17                 1393.0         263.7204301075269          365.47163123630366
18                 1393.0         252.2826086956522          363.3474300376072
19                 1393.0         271.7282608695652          375.89134945171
20                 1393.0         267.45652173913044          369.42129870342853
21                 1393.0         276.0879120879121          382.00778567382736
22                 1393.0         293.6222222222222          387.58883075805346
23                 1393.0         288.7173913043478          400.8684953536605
24                 1830.0         295.42391304347825          414.0609132276905
25                 1830.0         260.3804347826087          386.62567118234955
26                 1830.0         300.8901098901099          410.42233542860356
27                 1830.0         311.5108695652174          426.0044267621911
28                 1830.0         303.18279569892474          416.93151873768824
29                 1830.0         286.21505376344084          393.9912626470305
30                 1830.0         293.0869565217391          399.5262045107145
31                 1830.0         328.45652173913044          450.82594281866295
32                 1830.0         320.18279569892474          420.0906186479948
33                 1830.0         307.6630434782609          422.8087057733009
34                 1830.0         306.4835164835165          418.8494277600091
35                 1838.0         350.4175824175824          475.749889640614
36                 1838.0         327.4347826086956          459.07348337493454
37                 1838.0         338.3369565217391          461.3356619447944
38                 1838.0         315.3010752688172          451.2888778700028
39                 1838.0         340.59139784946234          456.8705196814082
40                 1838.0         299.97849462365593          444.9499422973577
41                 1838.0         313.32608695652175          438.92113555001447
42                 1838.0         331.4175824175824          437.18791860523214
43                 1838.0         342.27472527472526          466.87660006778947
44                 1838.0         322.7391304347826          457.5315116153017
45                 1838.0         296.989010989011          446.81486921516955
46                 1838.0         301.7692307692308          463.15827112143796
47                 1988.0         351.04395604395603          498.7103348316197
48                 1988.0         359.73118279569894          505.6638591890851
49                 1988.0         366.0752688172043          464.0359468036965
Species Statistics
Species Sizes
Generations     Species 1     Species 2     Species 3     Species 4     Species 5     Species 6     Species 7     Species 8     Species 9     Species 10     Species 11     Species 12     Species 13     Species 14     Species 15     Species 16     Species 17     Species 18     Species 19     Species 20     Species 21
0     70     20     0     0     0     0     0     0     0     0     0     0     0     0     0     0     0     0     0     0     0
1     4     5     7     12     11     7     4     4     5     3     6     8     3     4     4     1     1     1     0     0     0
2     1     4     3     7     7     5     7     5     7     9     3     8     2     3     5     3     3     11     1     0     0
3     3     3     7     3     7     5     12     7     7     7     2     6     3     3     3     3     3     4     4     1     0
4     3     3     5     4     9     5     13     1     7     5     3     4     3     3     3     3     3     2     3     10     0
5     3     3     5     4     7     5     15     4     5     5     3     4     3     3     4     3     3     1     3     8     0
6     3     3     5     5     8     5     16     3     5     5     3     4     3     3     3     3     3     3     3     6     0
7     3     3     5     4     8     5     15     4     6     5     3     5     3     3     4     3     3     3     3     4     0
8     3     3     5     4     8     3     17     4     6     5     3     5     3     3     3     3     3     3     3     5     0
9     3     3     5     5     8     4     14     4     6     5     3     5     3     3     3     3     3     3     3     5     0
10     3     3     5     5     10     4     17     3     4     5     3     4     3     3     3     3     3     3     3     5     0
11     3     3     5     5     10     4     17     4     5     5     3     4     3     3     3     3     3     3     3     4     0
12     3     3     3     5     10     4     16     4     5     5     3     4     3     3     3     3     3     3     3     5     0
13     3     3     4     5     10     6     15     4     5     5     3     4     3     3     3     3     3     3     3     3     0
14     3     3     4     5     10     6     15     4     5     5     3     4     3     3     3     3     3     3     3     4     1
15     3     3     4     5     8     7     12     4     5     5     3     4     3     3     3     3     3     3     3     4     6
16     3     3     4     3     12     5     13     4     5     5     3     3     3     3     3     3     3     3     3     4     4
17     3     3     4     3     10     6     12     4     5     5     3     3     3     3     3     3     3     3     3     4     7
18     3     3     4     3     11     6     11     3     6     3     3     3     3     3     3     3     3     3     3     4     8
19     3     3     4     3     10     6     12     3     6     3     3     3     3     3     3     3     3     3     3     4     8
20     3     3     4     3     12     6     11     3     6     3     3     3     3     3     3     3     3     3     3     4     7
21     3     3     4     3     13     7     10     3     4     3     3     3     3     3     3     3     3     3     3     4     7
22     3     3     4     3     12     5     11     3     5     3     3     3     3     3     3     3     3     3     3     4     7
23     3     3     4     3     12     5     12     3     5     3     3     3     3     3     3     3     3     3     3     4     8
24     3     3     4     3     11     6     12     3     5     3     3     3     3     3     3     3     3     3     3     4     8
25     3     3     4     3     13     6     11     3     5     3     3     3     3     3     3     3     3     3     3     4     7
26     3     3     4     3     11     6     10     3     6     3     3     3     3     3     3     3     3     3     3     4     8
27     3     3     4     3     15     6     9     3     6     3     3     3     3     3     3     3     3     3     3     4     6
28     3     3     4     3     13     6     11     3     6     3     3     3     3     3     3     3     3     3     3     4     7
29     3     3     3     3     12     6     11     3     6     3     3     3     3     3     3     3     3     3     3     4     9
30     3     3     3     3     11     6     11     3     6     3     3     3     3     3     3     3     3     3     3     4     9
31     3     3     3     3     11     6     12     3     6     3     3     3     3     3     3     3     3     3     3     4     8
32     3     3     3     3     12     6     13     3     6     3     3     3     3     3     3     3     3     3     3     3     8
33     3     3     3     3     11     6     12     3     6     3     3     3     3     3     3     3     3     3     3     3     9
34     3     3     3     3     12     6     11     3     7     3     3     3     3     3     3     3     3     3     3     3     7
35     3     3     3     3     11     6     12     3     5     3     3     3     3     3     3     3     3     3     3     3     9
36     3     3     3     3     11     6     13     3     5     3     3     3     3     3     3     3     3     3     3     3     9
37     3     3     3     3     12     6     12     3     6     3     3     3     3     3     3     3     3     3     3     3     8
38     3     3     3     3     12     7     11     3     6     3     3     3     3     3     3     3     3     3     3     3     9
39     3     3     3     3     12     7     11     3     6     3     3     3     3     3     3     3     3     3     3     3     9
40     3     3     3     3     13     7     11     3     6     3     3     3     3     3     3     3     3     3     3     3     8
41     3     3     3     3     13     5     11     3     6     3     3     3     3     3     3     3     3     3     3     3     9
42     3     3     3     3     12     6     10     3     6     3     3     3     3     3     3     3     3     3     3     3     9
43     3     3     3     3     12     6     10     3     6     3     3     3     3     3     3     3     3     3     3     3     9
44     3     3     3     3     12     6     11     3     6     3     3     3     3     3     3     3     3     3     3     3     9
45     3     3     3     3     11     6     11     3     6     3     3     3     3     3     3     3     3     3     3     3     9
46     3     3     3     3     11     6     10     3     6     3     3     3     3     3     3     3     3     3     3     3     10
47     3     3     3     3     9     6     12     3     6     3     3     3     3     3     3     3     3     3     3     3     10
48     3     3     3     3     13     6     11     3     6     3     3     3     3     3     3     3     3     3     3     3     9
49     3     3     3     3     13     6     12     3     6     3     3     3     3     3     3     3     3     3     3     3     8
Species Fitness Mean
Generations     Species 1     Species 2     Species 3     Species 4     Species 5     Species 6     Species 7     Species 8     Species 9     Species 10     Species 11     Species 12     Species 13     Species 14     Species 15     Species 16     Species 17     Species 18     Species 19     Species 20     Species 21
0     41.57142857142857     59.25     NA     NA     NA     NA     NA     NA     NA     NA     NA     NA     NA     NA     NA     NA     NA     NA     NA     NA     NA
1     103.25     107.2     124.14285714285714     86.91666666666667     128.63636363636363     107.0     100.75     145.25     148.0     131.33333333333334     150.33333333333334     155.75     136.66666666666666     145.25     148.0     165.0     171.0     172.0     NA     NA     NA
2     147.0     128.25     126.33333333333333     138.71428571428572     184.85714285714286     132.4     163.71428571428572     165.2     179.85714285714286     167.88888888888889     138.0     187.125     135.0     140.66666666666666     163.2     172.0     175.33333333333334     153.9090909090909     179.0     NA     NA
3     197.33333333333334     103.0     193.85714285714286     114.66666666666667     207.14285714285714     184.6     222.08333333333334     196.14285714285714     215.0     197.42857142857142     135.5     204.0     163.66666666666666     140.66666666666666     165.33333333333334     172.0     175.33333333333334     181.5     192.75     241.0     NA
4     197.33333333333334     103.0     204.4     152.25     241.88888888888889     224.8     280.61538461538464     198.0     244.42857142857142     203.8     177.66666666666666     196.25     163.66666666666666     140.66666666666666     165.33333333333334     172.0     175.33333333333334     240.5     182.33333333333334     219.7     NA
5     197.33333333333334     103.0     218.8     172.25     248.85714285714286     258.2     310.53333333333336     275.25     244.8     249.8     177.66666666666666     204.5     163.66666666666666     140.66666666666666     198.5     172.0     175.33333333333334     242.0     182.33333333333334     242.625     NA
6     197.33333333333334     103.0     231.6     211.6     298.125     296.2     342.5     266.3333333333333     257.6     306.4     177.66666666666666     213.0     163.66666666666666     140.66666666666666     165.33333333333334     172.0     175.33333333333334     301.6666666666667     182.33333333333334     249.66666666666666     NA
7     197.33333333333334     103.0     244.4     188.25     318.75     309.0     367.46666666666664     291.75     288.5     325.8     177.66666666666666     250.4     163.66666666666666     140.66666666666666     215.25     172.0     175.33333333333334     301.6666666666667     182.33333333333334     215.5     NA
8     197.33333333333334     103.0     256.4     196.25     337.5     267.3333333333333     405.94117647058823     316.5     303.5     337.8     177.66666666666666     262.8     163.66666666666666     140.66666666666666     165.33333333333334     172.0     175.33333333333334     301.6666666666667     182.33333333333334     258.8     NA
9     197.33333333333334     103.0     270.0     325.4     358.75     309.5     428.14285714285717     324.5     320.5     351.4     177.66666666666666     315.0     163.66666666666666     140.66666666666666     165.33333333333334     172.0     175.33333333333334     301.6666666666667     182.33333333333334     271.6     NA
10     197.33333333333334     103.0     281.6     405.6     433.5     316.75     465.6470588235294     289.0     266.75     363.0     177.66666666666666     294.0     163.66666666666666     140.66666666666666     165.33333333333334     172.0     175.33333333333334     301.6666666666667     182.33333333333334     283.2     NA
11     197.33333333333334     103.0     294.4     418.4     456.6     324.75     492.8235294117647     340.0     320.4     375.8     177.66666666666666     302.0     163.66666666666666     140.66666666666666     165.33333333333334     172.0     175.33333333333334     301.6666666666667     182.33333333333334     246.75     NA
12     197.33333333333334     103.0     157.0     432.0     498.0     333.25     516.875     379.5     333.2     389.4     177.66666666666666     310.25     163.66666666666666     140.66666666666666     165.33333333333334     172.0     175.33333333333334     301.6666666666667     182.33333333333334     309.6     NA
13     197.33333333333334     103.0     258.25     443.6     520.4     454.0     539.9333333333333     387.25     344.8     483.2     177.66666666666666     318.0     163.66666666666666     140.66666666666666     165.33333333333334     172.0     175.33333333333334     301.6666666666667     182.33333333333334     164.33333333333334     NA
14     197.33333333333334     103.0     266.25     481.2     593.7     519.8333333333334     566.3333333333334     411.0     357.6     496.0     177.66666666666666     325.75     163.66666666666666     140.66666666666666     165.33333333333334     172.0     175.33333333333334     301.6666666666667     182.33333333333334     270.5     607.0
15     197.33333333333334     103.0     362.5     495.2     625.5     604.2857142857143     580.4166666666666     419.75     440.8     510.0     177.66666666666666     444.0     163.66666666666666     140.66666666666666     165.33333333333334     172.0     175.33333333333334     301.6666666666667     182.33333333333334     279.25     617.1666666666666
16     197.33333333333334     103.0     369.5     408.3333333333333     656.8333333333334     603.4     622.7692307692307     507.75     459.0     521.2     177.66666666666666     384.6666666666667     163.66666666666666     140.66666666666666     165.33333333333334     172.0     175.33333333333334     301.6666666666667     182.33333333333334     286.75     620.5
17     197.33333333333334     103.0     376.75     408.3333333333333     685.9     627.6666666666666     641.1666666666666     515.0     470.6     532.8     177.66666666666666     384.6666666666667     163.66666666666666     140.66666666666666     165.33333333333334     172.0     175.33333333333334     301.6666666666667     182.33333333333334     294.0     656.2857142857143
18     197.33333333333334     103.0     503.75     408.3333333333333     709.1818181818181     640.1666666666666     656.6363636363636     459.3333333333333     613.6666666666666     431.6666666666667     177.66666666666666     384.6666666666667     163.66666666666666     140.66666666666666     165.33333333333334     172.0     175.33333333333334     301.6666666666667     182.33333333333334     404.0     685.25
19     197.33333333333334     103.0     511.0     408.3333333333333     727.2     654.6666666666666     684.6666666666666     459.3333333333333     628.1666666666666     431.6666666666667     177.66666666666666     384.6666666666667     163.66666666666666     140.66666666666666     165.33333333333334     172.0     175.33333333333334     301.6666666666667     182.33333333333334     535.25     711.0
20     197.33333333333334     103.0     518.0     408.3333333333333     761.25     704.5     698.8181818181819     459.3333333333333     642.6666666666666     431.6666666666667     177.66666666666666     384.6666666666667     163.66666666666666     140.66666666666666     165.33333333333334     172.0     175.33333333333334     301.6666666666667     182.33333333333334     550.0     726.0
21     197.33333333333334     103.0     525.25     408.3333333333333     784.8461538461538     731.1428571428571     709.2     459.3333333333333     583.25     431.6666666666667     177.66666666666666     384.6666666666667     163.66666666666666     140.66666666666666     165.33333333333334     172.0     175.33333333333334     301.6666666666667     182.33333333333334     557.25     742.4285714285714
22     197.33333333333334     103.0     532.25     408.3333333333333     802.3333333333334     713.4     738.8181818181819     459.3333333333333     638.2     431.6666666666667     177.66666666666666     384.6666666666667     163.66666666666666     140.66666666666666     165.33333333333334     172.0     175.33333333333334     301.6666666666667     182.33333333333334     564.25     757.7142857142857
23     197.33333333333334     103.0     539.0     408.3333333333333     823.3333333333334     724.2     769.4166666666666     459.3333333333333     649.0     431.6666666666667     177.66666666666666     384.6666666666667     163.66666666666666     140.66666666666666     165.33333333333334     172.0     175.33333333333334     301.6666666666667     182.33333333333334     571.0     784.5
24     197.33333333333334     103.0     546.25     408.3333333333333     840.9090909090909     761.0     791.1666666666666     459.3333333333333     661.0     431.6666666666667     177.66666666666666     384.6666666666667     163.66666666666666     140.66666666666666     165.33333333333334     172.0     175.33333333333334     301.6666666666667     182.33333333333334     578.25     802.875
25     197.33333333333334     103.0     553.5     408.3333333333333     892.4615384615385     775.5     795.5454545454545     459.3333333333333     808.2     431.6666666666667     177.66666666666666     384.6666666666667     163.66666666666666     140.66666666666666     165.33333333333334     172.0     175.33333333333334     301.6666666666667     182.33333333333334     585.5     806.7142857142857
26     197.33333333333334     103.0     560.75     408.3333333333333     905.0909090909091     790.0     803.7     459.3333333333333     889.0     431.6666666666667     177.66666666666666     384.6666666666667     163.66666666666666     140.66666666666666     165.33333333333334     172.0     175.33333333333334     301.6666666666667     182.33333333333334     592.75     841.0
27     197.33333333333334     103.0     567.75     408.3333333333333     941.9333333333333     804.0     804.8888888888889     459.3333333333333     903.0     431.6666666666667     177.66666666666666     384.6666666666667     163.66666666666666     140.66666666666666     165.33333333333334     172.0     175.33333333333334     301.6666666666667     182.33333333333334     599.75     850.3333333333334
28     197.33333333333334     103.0     575.0     408.3333333333333     977.6153846153846     818.5     858.8181818181819     459.3333333333333     917.5     431.6666666666667     177.66666666666666     384.6666666666667     163.66666666666666     140.66666666666666     165.33333333333334     172.0     175.33333333333334     301.6666666666667     182.33333333333334     607.0     884.7142857142857
29     197.33333333333334     103.0     434.0     408.3333333333333     1033.0833333333333     905.6666666666666     880.6363636363636     459.3333333333333     932.0     431.6666666666667     177.66666666666666     384.6666666666667     163.66666666666666     140.66666666666666     165.33333333333334     172.0     175.33333333333334     301.6666666666667     182.33333333333334     614.25     931.6666666666666
30     197.33333333333334     103.0     434.0     408.3333333333333     1052.7272727272727     920.6666666666666     902.4545454545455     459.3333333333333     947.0     431.6666666666667     177.66666666666666     384.6666666666667     163.66666666666666     140.66666666666666     165.33333333333334     172.0     175.33333333333334     301.6666666666667     182.33333333333334     621.75     951.6666666666666
31     197.33333333333334     103.0     434.0     408.3333333333333     1073.8181818181818     935.1666666666666     938.1666666666666     459.3333333333333     961.5     431.6666666666667     177.66666666666666     384.6666666666667     163.66666666666666     140.66666666666666     165.33333333333334     172.0     175.33333333333334     301.6666666666667     182.33333333333334     629.0     955.0
32     197.33333333333334     103.0     434.0     408.3333333333333     1099.0833333333333     949.1666666666666     1027.076923076923     459.3333333333333     975.5     431.6666666666667     177.66666666666666     384.6666666666667     163.66666666666666     140.66666666666666     165.33333333333334     172.0     175.33333333333334     301.6666666666667     182.33333333333334     476.3333333333333     972.5
33     197.33333333333334     103.0     434.0     408.3333333333333     1116.7272727272727     964.1666666666666     1041.25     459.3333333333333     990.5     431.6666666666667     177.66666666666666     384.6666666666667     163.66666666666666     140.66666666666666     165.33333333333334     172.0     175.33333333333334     301.6666666666667     182.33333333333334     476.3333333333333     1009.6666666666666
34     197.33333333333334     103.0     434.0     408.3333333333333     1141.8333333333333     978.6666666666666     1050.2727272727273     459.3333333333333     1067.5714285714287     431.6666666666667     177.66666666666666     384.6666666666667     163.66666666666666     140.66666666666666     165.33333333333334     172.0     175.33333333333334     301.6666666666667     182.33333333333334     476.3333333333333     984.8571428571429
35     197.33333333333334     103.0     434.0     408.3333333333333     1157.4545454545455     992.6666666666666     1158.1666666666667     459.3333333333333     1033.6     431.6666666666667     177.66666666666666     384.6666666666667     163.66666666666666     140.66666666666666     165.33333333333334     172.0     175.33333333333334     301.6666666666667     182.33333333333334     476.3333333333333     1047.0
36     197.33333333333334     103.0     434.0     408.3333333333333     1199.5454545454545     1006.6666666666666     1184.6923076923076     459.3333333333333     1044.8     431.6666666666667     177.66666666666666     384.6666666666667     163.66666666666666     140.66666666666666     165.33333333333334     172.0     175.33333333333334     301.6666666666667     182.33333333333334     476.3333333333333     1094.3333333333333
37     197.33333333333334     103.0     434.0     408.3333333333333     1225.5833333333333     1021.1666666666666     1200.9166666666667     459.3333333333333     1091.1666666666667     431.6666666666667     177.66666666666666     384.6666666666667     163.66666666666666     140.66666666666666     165.33333333333334     172.0     175.33333333333334     301.6666666666667     182.33333333333334     476.3333333333333     1094.75
38     197.33333333333334     103.0     434.0     408.3333333333333     1248.0833333333333     1072.2857142857142     1216.3636363636363     459.3333333333333     1106.1666666666667     431.6666666666667     177.66666666666666     384.6666666666667     163.66666666666666     140.66666666666666     165.33333333333334     172.0     175.33333333333334     301.6666666666667     182.33333333333334     476.3333333333333     1134.3333333333333
39     197.33333333333334     103.0     434.0     408.3333333333333     1270.5833333333333     1132.2857142857142     1238.1818181818182     459.3333333333333     1119.1666666666667     431.6666666666667     177.66666666666666     384.6666666666667     163.66666666666666     140.66666666666666     165.33333333333334     172.0     175.33333333333334     301.6666666666667     182.33333333333334     476.3333333333333     1154.3333333333333
40     197.33333333333334     103.0     434.0     408.3333333333333     1298.923076923077     1149.4285714285713     1259.2727272727273     459.3333333333333     1201.1666666666667     431.6666666666667     177.66666666666666     384.6666666666667     163.66666666666666     140.66666666666666     165.33333333333334     172.0     175.33333333333334     301.6666666666667     182.33333333333334     476.3333333333333     1151.0
41     197.33333333333334     103.0     434.0     408.3333333333333     1321.2307692307693     1079.4     1280.3636363636363     459.3333333333333     1216.1666666666667     431.6666666666667     177.66666666666666     384.6666666666667     163.66666666666666     140.66666666666666     165.33333333333334     172.0     175.33333333333334     301.6666666666667     182.33333333333334     476.3333333333333     1193.0
42     197.33333333333334     103.0     434.0     408.3333333333333     1335.8333333333333     1144.6666666666667     1289.7     459.3333333333333     1230.6666666666667     431.6666666666667     177.66666666666666     384.6666666666667     163.66666666666666     140.66666666666666     165.33333333333334     172.0     175.33333333333334     301.6666666666667     182.33333333333334     476.3333333333333     1213.0
43     197.33333333333334     103.0     434.0     408.3333333333333     1356.8333333333333     1158.6666666666667     1309.3     459.3333333333333     1244.6666666666667     431.6666666666667     177.66666666666666     384.6666666666667     163.66666666666666     140.66666666666666     165.33333333333334     172.0     175.33333333333334     301.6666666666667     182.33333333333334     476.3333333333333     1231.6666666666667
44     197.33333333333334     103.0     434.0     408.3333333333333     1378.5833333333333     1172.6666666666667     1342.909090909091     459.3333333333333     1258.6666666666667     431.6666666666667     177.66666666666666     384.6666666666667     163.66666666666666     140.66666666666666     165.33333333333334     172.0     175.33333333333334     301.6666666666667     182.33333333333334     476.3333333333333     1250.3333333333333
45     197.33333333333334     103.0     434.0     408.3333333333333     1389.3636363636363     1187.1666666666667     1390.909090909091     459.3333333333333     1273.1666666666667     431.6666666666667     177.66666666666666     384.6666666666667     163.66666666666666     140.66666666666666     165.33333333333334     172.0     175.33333333333334     301.6666666666667     182.33333333333334     476.3333333333333     1269.6666666666667
46     197.33333333333334     103.0     434.0     408.3333333333333     1409.7272727272727     1201.1666666666667     1399.1     459.3333333333333     1287.1666666666667     431.6666666666667     177.66666666666666     384.6666666666667     163.66666666666666     140.66666666666666     165.33333333333334     172.0     175.33333333333334     301.6666666666667     182.33333333333334     476.3333333333333     1312.8
47     197.33333333333334     103.0     434.0     408.3333333333333     1398.7777777777778     1215.1666666666667     1553.4166666666667     459.3333333333333     1301.1666666666667     431.6666666666667     177.66666666666666     384.6666666666667     163.66666666666666     140.66666666666666     165.33333333333334     172.0     175.33333333333334     301.6666666666667     182.33333333333334     476.3333333333333     1333.6
48     197.33333333333334     103.0     434.0     408.3333333333333     1516.2307692307693     1229.1666666666667     1572.3636363636363     459.3333333333333     1315.1666666666667     431.6666666666667     177.66666666666666     384.6666666666667     163.66666666666666     140.66666666666666     165.33333333333334     172.0     175.33333333333334     301.6666666666667     182.33333333333334     476.3333333333333     1325.6666666666667
49     197.33333333333334     103.0     434.0     408.3333333333333     1539.3076923076924     1244.1666666666667     1596.1666666666667     459.3333333333333     1330.1666666666667     431.6666666666667     177.66666666666666     384.6666666666667     163.66666666666666     140.66666666666666     165.33333333333334     172.0     175.33333333333334     301.6666666666667     182.33333333333334     476.3333333333333     1311.625
