Fitness Statistics
Generations     Max     Mean     Standard Deviation
0                 193.0         24.7          62.99743381016932
1                 204.0         40.5          77.9306315471223
2                 318.0         91.0          103.82421040714284
3                 481.0         165.0          147.62633008150453
4                 604.0         190.06666666666666          145.21017717624187
5                 604.0         194.46666666666667          183.71549260261702
6                 1276.0         222.36666666666667          253.89873090576
7                 1276.0         191.8          240.49343719389378
8                 1276.0         198.73333333333332          230.7389482125248
9                 1276.0         227.46666666666667          247.12112189954317
10                 1276.0         204.7          251.7919974899917
11                 1276.0         265.7          234.34264798936334
12                 1276.0         230.2          242.14009718893456
13                 1276.0         281.8666666666667          230.8967638481656
14                 1276.0         294.6666666666667          233.63694532804996
15                 1276.0         276.06666666666666          252.81850319063983
16                 1276.0         278.6333333333333          239.04385697096578
17                 1276.0         263.35483870967744          248.60845603492808
18                 1276.0         226.9          257.70413914668376
19                 1276.0         251.86666666666667          265.21057461739514
20                 1276.0         307.64516129032256          268.24778487340785
21                 1276.0         355.64516129032256          267.26567045847685
22                 1276.0         326.06666666666666          293.63548075046305
23                 1276.0         337.43333333333334          282.6946153635677
24                 1276.0         316.96666666666664          281.24787209071565
25                 1276.0         329.8666666666667          290.28683898669755
26                 1276.0         310.96666666666664          267.7366222407553
27                 1276.0         377.8333333333333          279.09999203789954
28                 1276.0         287.0          247.6359190163995
29                 1276.0         295.73333333333335          233.3603698621988
30                 1276.0         358.2          291.50018867918425
31                 1276.0         300.55172413793105          299.0573219424199
32                 1276.0         365.5806451612903          289.3692555835936
33                 1276.0         326.5806451612903          315.76969702755537
34                 1276.0         342.17241379310343          283.1077617378982
35                 1276.0         320.2          293.6427988787284
36                 1276.0         338.19354838709677          270.50113819506987
37                 1276.0         320.6333333333333          319.3032501487505
38                 1276.0         373.0967741935484          326.759885684917
39                 1276.0         364.1666666666667          321.2514159069532
40                 1276.0         313.9032258064516          301.0371700164776
41                 1276.0         290.7096774193548          290.77396093522617
42                 1276.0         366.1666666666667          347.698248805228
43                 1276.0         386.8666666666667          355.73611318254177
44                 1276.0         433.2903225806452          365.775375593025
45                 1276.0         390.8333333333333          336.9258161013423
46                 1276.0         343.64516129032256          331.50814210670376
47                 1276.0         391.7          337.31025777464873
48                 1287.0         333.6774193548387          338.1268503231728
49                 1287.0         356.0          369.17802452624863
50                 1287.0         329.55172413793105          345.2519905515187
51                 1287.0         321.8333333333333          360.01935904738366
52                 1287.0         352.61290322580646          343.82794622848826
53                 1287.0         349.1034482758621          323.7367326348292
54                 1287.0         365.76666666666665          343.0816893329569
55                 1287.0         329.35483870967744          343.4534807573346
56                 1303.0         351.0344827586207          397.7059633620019
57                 1303.0         357.26666666666665          349.91179205940193
58                 1303.0         356.5          361.36359805602996
59                 1303.0         368.46666666666664          333.22852352235526
60                 1303.0         315.26666666666665          365.23562562025927
61                 1303.0         389.46666666666664          350.85455042731815
62                 1303.0         427.6666666666667          368.3882312030189
63                 1303.0         405.2          384.9733670441805
64                 1303.0         353.9          354.6922938736241
65                 1303.0         390.9          364.45204074061655
66                 1303.0         488.2          379.74547616353067
67                 1303.0         342.23333333333335          396.29615889578787
68                 1303.0         387.9          437.45653879366495
69                 1303.0         393.43333333333334          351.34889434229837
Species Statistics
Species Sizes
Generations     Species 1     Species 2     Species 3
0     19     11     0
1     7     23     0
2     27     3     0
3     28     2     0
4     28     2     0
5     28     2     0
6     28     2     0
7     28     2     0
8     28     2     0
9     28     2     0
10     12     2     16
11     10     2     18
12     15     2     13
13     24     2     4
14     19     2     9
15     16     2     12
16     16     2     12
17     15     2     14
18     15     2     13
19     16     2     12
20     15     2     14
21     14     2     15
22     13     2     15
23     12     2     16
24     12     2     16
25     12     2     16
26     11     3     16
27     12     4     14
28     13     5     13
29     12     6     12
30     11     8     11
31     10     9     10
32     10     9     12
33     12     8     11
34     10     8     11
35     11     9     10
36     12     10     9
37     11     9     10
38     12     8     11
39     11     7     12
40     10     8     13
41     11     9     11
42     12     8     10
43     10     7     13
44     9     8     14
45     8     7     15
46     9     8     14
47     10     7     13
48     12     8     11
49     10     8     11
50     9     10     10
51     10     9     11
52     9     10     12
53     9     8     12
54     10     9     11
55     9     10     12
56     9     8     12
57     0     14     16
58     0     12     18
59     0     11     19
60     0     12     18
61     0     11     19
62     0     10     20
63     0     11     19
64     0     10     20
65     0     11     19
66     0     12     18
67     0     13     17
68     0     14     16
69     0     13     17
Species Fitness Mean
Generations     Species 1     Species 2     Species 3
0     15.368421052631579     15.727272727272727     NA
1     46.714285714285715     41.04347826086956     NA
2     69.25925925925925     76.0     NA
3     100.14285714285714     80.5     NA
4     127.82142857142857     94.5     NA
5     156.17857142857142     108.5     NA
6     183.17857142857142     122.5     NA
7     212.14285714285714     136.5     NA
8     239.14285714285714     150.5     NA
9     266.14285714285717     164.5     NA
10     292.6666666666667     178.5     293.5
11     306.6     192.5     324.77777777777777
12     343.73333333333335     206.0     345.9230769230769
13     370.875     219.5     370.25
14     397.89473684210526     233.0     393.6666666666667
15     422.4375     246.5     422.75
16     447.75     260.0     447.5
17     473.2     273.5     474.14285714285717
18     498.4     287.5     499.0769230769231
19     524.625     301.0     522.6666666666666
20     549.7333333333333     314.5     560.2142857142857
21     574.3571428571429     328.5     586.9333333333333
22     597.4615384615385     342.5     613.0666666666667
23     619.8333333333334     356.0     639.1875
24     644.5833333333334     369.5     664.5
25     669.3333333333334     383.0     689.8125
26     690.3636363636364     710.3333333333334     716.0625
27     718.8333333333334     733.25     739.4285714285714
28     747.9230769230769     758.0     763.6153846153846
29     769.25     784.5     788.1666666666666
30     789.4545454545455     827.375     812.0
31     807.3     855.4444444444445     864.1
32     832.5     878.5555555555555     889.3333333333334
33     869.1666666666666     901.875     913.0
34     881.1     926.375     938.4545454545455
35     912.1818181818181     951.4444444444445     961.3
36     943.4166666666666     977.7     984.2222222222222
37     962.1818181818181     1000.3333333333334     1010.8
38     993.8333333333334     1053.25     1030.2727272727273
39     1012.1818181818181     1077.0     1058.0
40     1029.6     1103.125     1084.923076923077
41     1063.090909090909     1128.0     1105.7272727272727
42     1094.6666666666667     1149.5     1127.8
43     1103.4     1172.142857142857     1161.5384615384614
44     1117.4444444444443     1200.25     1189.0
45     1127.0     1221.0     1217.4
46     1166.3333333333333     1248.375     1240.0714285714287
47     1202.4     1266.4285714285713     1263.076923076923
48     1244.5     1294.75     1281.1818181818182
49     1242.0     1309.625     1364.4545454545455
50     1253.4444444444443     1342.2     1387.9
51     1289.7     1360.888888888889     1412.6363636363637
52     1300.5555555555557     1389.9     1438.5833333333333
53     1323.6666666666667     1403.25     1462.4166666666667
54     1362.6     1432.888888888889     1486.2727272727273
55     1372.5555555555557     1462.8     1512.8333333333333
56     1395.6666666666667     1474.125     1536.6666666666667
57     NA     1579.7142857142858     1553.6875
58     NA     1605.75     1582.7777777777778
59     NA     1631.090909090909     1610.578947368421
60     NA     1657.0833333333333     1635.6666666666667
61     NA     1682.0     1663.6315789473683
62     NA     1706.2     1691.65
63     NA     1732.909090909091     1716.6842105263158
64     NA     1756.6     1744.85
65     NA     1783.8181818181818     1769.7368421052631
66     NA     1811.0833333333333     1794.3333333333333
67     NA     1838.3846153846155     1818.5882352941176
68     NA     1865.7142857142858     1842.4375
69     NA     1890.076923076923     1871.2941176470588
