Fitness Statistics
Generations     Max     Mean     Standard Deviation
0                 321.0         37.457142857142856          80.37655765463062
1                 323.0         70.0          103.04805387997729
2                 323.0         105.32876712328768          112.61341981814401
3                 605.0         138.83333333333334          123.42901693776156
4                 605.0         127.95945945945945          130.48759278175868
5                 1018.0         190.27397260273972          187.41721535186093
6                 1305.0         193.26388888888889          240.6662045849416
7                 1305.0         196.78378378378378          255.5832899768933
8                 1305.0         225.85135135135135          285.0108429626528
9                 1305.0         273.61971830985914          324.10441571697936
10                 1305.0         224.1917808219178          275.6648579435686
11                 1305.0         273.84722222222223          322.8068161421619
12                 1305.0         239.11111111111111          305.77367972060074
13                 1305.0         270.0          325.22598860172883
14                 1305.0         262.1388888888889          315.452598374126
15                 1305.0         273.8142857142857          338.7800505535431
16                 1305.0         236.50704225352112          299.72597218311074
17                 1305.0         236.45714285714286          302.873933496821
18                 1305.0         232.07142857142858          296.71493396999136
19                 1305.0         269.7          316.91640853701466
20                 1305.0         256.3521126760563          313.8374522570538
21                 1305.0         252.09859154929578          308.0547854572084
22                 1535.0         257.36619718309856          337.9556700422521
23                 1991.0         295.8333333333333          393.442287169711
24                 1991.0         334.5          446.76395084851885
25                 1991.0         324.2083333333333          412.48952638218583
26                 1991.0         282.77777777777777          388.8547365956077
27                 1991.0         288.69444444444446          397.6174752646096
28                 1991.0         306.47222222222223          406.3071146935742
29                 1991.0         315.7638888888889          410.55993245862663
30                 1991.0         276.958904109589          392.0971517281394
31                 1991.0         299.7916666666667          405.2964942654808
32                 1991.0         298.7808219178082          411.89220050600693
33                 1991.0         325.0138888888889          432.5448433096452
34                 1991.0         303.6986301369863          410.1178141765763
35                 1991.0         289.5138888888889          417.96288355465373
36                 1991.0         285.375          401.2236989476347
37                 1991.0         300.71232876712327          397.29111783899083
38                 1991.0         339.84722222222223          443.02836188750763
39                 1991.0         280.6164383561644          401.2500204459342
40                 1991.0         301.25          408.6498348219414
41                 1991.0         306.972602739726          405.58163790144
42                 1991.0         318.90277777777777          429.67129425107635
43                 1991.0         317.9583333333333          449.4209681325764
44                 1991.0         333.1232876712329          443.263950717436
45                 1991.0         316.28767123287673          443.42414462879935
46                 2087.0         346.5138888888889          482.3777333012756
47                 2087.0         317.32876712328766          459.333706096139
48                 2087.0         326.44444444444446          461.22815783541114
49                 2087.0         310.69444444444446          463.3909328372778
Species Statistics
Species Sizes
Generations     Species 1     Species 2     Species 3     Species 4     Species 5     Species 6     Species 7     Species 8     Species 9     Species 10     Species 11
0     67     3     0     0     0     0     0     0     0     0     0
1     41     7     15     7     1     0     0     0     0     0     0
2     16     5     12     3     9     10     10     8     0     0     0
3     3     5     6     3     5     19     18     10     3     0     0
4     5     5     10     3     8     12     10     9     10     2     0
5     5     4     5     5     2     11     7     7     8     19     0
6     5     5     6     5     5     10     3     6     7     14     6
7     5     5     6     5     5     10     2     6     7     14     9
8     5     5     6     5     5     9     5     6     7     14     7
9     5     5     6     5     5     9     5     6     5     15     5
10     5     5     6     5     5     9     5     5     6     17     5
11     5     5     6     5     5     9     5     5     6     16     5
12     5     5     6     5     5     9     5     5     6     16     5
13     5     5     6     5     5     9     5     5     6     15     5
14     5     5     6     5     5     9     5     5     6     16     5
15     5     5     6     5     5     7     5     5     6     16     5
16     5     5     6     5     5     7     5     5     6     17     5
17     5     5     6     5     5     7     5     5     6     16     5
18     5     5     6     5     5     8     5     5     6     15     5
19     5     5     6     5     5     8     5     5     6     15     5
20     5     5     6     5     5     8     5     5     6     16     5
21     5     5     6     5     5     8     5     5     6     16     5
22     5     5     6     5     5     8     5     5     6     16     5
23     5     5     6     5     5     8     5     5     7     16     5
24     5     5     6     5     5     8     5     5     5     18     5
25     5     5     6     5     5     6     5     5     6     19     5
26     5     5     6     5     5     7     5     5     6     18     5
27     5     5     6     5     5     8     5     5     6     17     5
28     5     5     6     5     5     8     5     5     6     17     5
29     5     5     6     5     5     9     5     5     6     16     5
30     5     5     6     5     5     9     5     5     6     17     5
31     5     5     6     5     5     9     5     5     6     16     5
32     5     5     6     5     5     9     5     5     6     17     5
33     5     5     6     5     5     9     5     5     6     16     5
34     5     5     6     5     5     8     5     5     6     18     5
35     5     5     6     5     5     9     5     5     6     16     5
36     5     5     6     5     5     9     5     5     6     16     5
37     5     5     6     5     5     10     5     5     6     16     5
38     5     5     6     5     5     9     5     5     6     16     5
39     5     5     6     5     5     8     5     5     6     18     5
40     5     5     6     5     5     9     5     5     6     16     5
41     5     5     6     5     5     9     5     5     6     17     5
42     5     5     6     5     5     9     5     5     6     16     5
43     5     5     6     5     5     9     5     5     6     16     5
44     5     5     6     5     5     9     5     5     6     17     5
45     5     5     6     5     5     9     5     5     6     17     5
46     5     5     6     5     5     9     5     5     6     16     5
47     5     5     6     5     5     9     5     5     6     17     5
48     5     5     6     5     5     9     5     5     6     16     5
49     5     5     6     5     5     9     5     5     6     16     5
Species Fitness Mean
Generations     Species 1     Species 2     Species 3     Species 4     Species 5     Species 6     Species 7     Species 8     Species 9     Species 10     Species 11
0     34.82089552238806     50.666666666666664     NA     NA     NA     NA     NA     NA     NA     NA     NA
1     95.34146341463415     74.42857142857143     98.2     100.57142857142857     125.0     NA     NA     NA     NA     NA     NA
2     132.875     98.6     141.58333333333334     112.33333333333333     148.44444444444446     148.5     125.5     164.125     NA     NA     NA
3     175.33333333333334     98.6     171.83333333333334     130.33333333333334     162.8     172.68421052631578     158.88888888888889     182.5     216.0     NA     NA
4     194.2     98.6     204.1     176.0     163.0     222.33333333333334     198.8     207.66666666666666     190.8     190.5     NA
5     194.2     78.75     195.4     207.8     157.0     236.27272727272728     194.71428571428572     206.71428571428572     204.375     242.57894736842104     NA
6     194.2     119.6     211.83333333333334     207.8     233.8     259.3     148.0     236.66666666666666     227.85714285714286     275.14285714285717     218.5
7     194.2     119.6     215.33333333333334     207.8     233.8     269.8     228.0     240.33333333333334     234.14285714285714     300.85714285714283     222.11111111111111
8     194.2     119.6     227.0     207.8     233.8     274.44444444444446     289.8     244.0     240.71428571428572     328.85714285714283     230.14285714285714
9     194.2     119.6     233.33333333333334     207.8     233.8     281.1111111111111     289.8     247.16666666666666     202.4     348.6666666666667     188.4
10     194.2     119.6     236.0     207.8     233.8     311.77777777777777     289.8     226.2     230.0     364.11764705882354     188.4
11     194.2     119.6     239.0     207.8     233.8     319.77777777777777     289.8     226.2     233.0     375.1875     188.4
12     194.2     119.6     271.5     207.8     233.8     327.3333333333333     289.8     226.2     235.83333333333334     391.4375     188.4
13     194.2     119.6     322.1666666666667     207.8     233.8     348.77777777777777     289.8     226.2     238.66666666666666     400.93333333333334     188.4
14     194.2     119.6     324.8333333333333     207.8     233.8     355.8888888888889     289.8     226.2     241.33333333333334     414.125     188.4
15     194.2     119.6     327.6666666666667     207.8     233.8     336.57142857142856     289.8     226.2     268.0     424.4375     188.4
16     194.2     119.6     330.1666666666667     207.8     233.8     340.85714285714283     289.8     226.2     270.5     437.5882352941176     188.4
17     194.2     119.6     332.8333333333333     207.8     233.8     345.42857142857144     289.8     226.2     273.1666666666667     445.75     188.4
18     194.2     119.6     335.3333333333333     207.8     233.8     368.875     289.8     226.2     283.6666666666667     452.93333333333334     188.4
19     194.2     119.6     337.8333333333333     207.8     233.8     374.5     289.8     226.2     286.1666666666667     462.93333333333334     188.4
20     194.2     119.6     385.6666666666667     207.8     233.8     380.125     289.8     226.2     293.6666666666667     493.0625     188.4
21     194.2     119.6     388.3333333333333     207.8     233.8     407.875     289.8     226.2     296.3333333333333     505.0625     188.4
22     194.2     119.6     391.0     207.8     233.8     413.875     289.8     226.2     299.0     516.0625     188.4
23     194.2     119.6     393.8333333333333     207.8     233.8     420.25     289.8     226.2     389.0     540.625     188.4
24     194.2     119.6     396.3333333333333     207.8     233.8     425.875     289.8     226.2     313.6     559.7222222222222     188.4
25     194.2     119.6     399.3333333333333     207.8     233.8     372.0     289.8     226.2     363.1666666666667     597.4736842105264     188.4
26     194.2     119.6     402.1666666666667     207.8     233.8     411.42857142857144     289.8     226.2     366.0     625.8888888888889     188.4
27     194.2     119.6     405.0     207.8     233.8     498.875     289.8     226.2     368.8333333333333     637.5294117647059     188.4
28     194.2     119.6     407.8333333333333     207.8     233.8     505.25     289.8     226.2     371.6666666666667     649.5294117647059     188.4
29     194.2     119.6     410.6666666666667     207.8     233.8     573.2222222222222     289.8     226.2     374.5     660.125     188.4
30     194.2     119.6     413.5     207.8     233.8     580.7777777777778     289.8     226.2     377.3333333333333     674.2352941176471     188.4
31     194.2     119.6     416.5     207.8     233.8     588.7777777777778     289.8     226.2     380.3333333333333     684.1875     188.4
32     194.2     119.6     419.3333333333333     207.8     233.8     596.3333333333334     289.8     226.2     383.1666666666667     705.2941176470588     188.4
33     194.2     119.6     422.3333333333333     207.8     233.8     640.6666666666666     289.8     226.2     386.1666666666667     723.625     188.4
34     194.2     119.6     425.1666666666667     207.8     233.8     632.875     289.8     226.2     389.0     739.9444444444445     188.4
35     194.2     119.6     428.1666666666667     207.8     233.8     682.7777777777778     289.8     226.2     392.0     747.6875     188.4
36     194.2     119.6     431.0     207.8     233.8     690.3333333333334     289.8     226.2     394.8333333333333     759.375     188.4
37     194.2     119.6     433.8333333333333     207.8     233.8     710.5     289.8     226.2     397.6666666666667     771.75     188.4
38     194.2     119.6     436.8333333333333     207.8     233.8     705.8888888888889     289.8     226.2     400.6666666666667     783.4375     188.4
39     194.2     119.6     439.6666666666667     207.8     233.8     695.375     289.8     226.2     403.5     809.3888888888889     188.4
40     194.2     119.6     442.6666666666667     207.8     233.8     721.4444444444445     289.8     226.2     406.5     814.9375     188.4
41     194.2     119.6     445.5     207.8     233.8     729.0     289.8     226.2     409.3333333333333     831.2352941176471     188.4
42     194.2     119.6     448.5     207.8     233.8     737.0     289.8     226.2     559.1666666666666     842.3125     188.4
43     194.2     119.6     451.3333333333333     207.8     233.8     744.5555555555555     289.8     226.2     562.0     865.0625     188.4
44     194.2     119.6     454.1666666666667     207.8     233.8     752.1111111111111     289.8     226.2     564.8333333333334     882.5882352941177     188.4
45     194.2     119.6     457.1666666666667     207.8     233.8     760.1111111111111     289.8     226.2     567.8333333333334     895.2941176470588     188.4
46     194.2     119.6     460.1666666666667     207.8     233.8     768.1111111111111     289.8     226.2     570.8333333333334     902.6875     188.4
47     194.2     119.6     463.0     207.8     233.8     775.6666666666666     289.8     226.2     573.6666666666666     925.1764705882352     188.4
48     194.2     119.6     466.0     207.8     233.8     783.6666666666666     289.8     226.2     576.6666666666666     932.25     188.4
49     194.2     119.6     468.8333333333333     207.8     233.8     822.5555555555555     289.8     226.2     579.5     943.9375     188.4
