Fitness Statistics
Generations     Max     Mean     Standard Deviation
0                 321.0         26.6          71.45907919921721
1                 560.0         79.24          133.36004799039324
2                 560.0         140.19607843137254          133.65847898367366
3                 560.0         171.53061224489795          131.39877023013764
4                 560.0         157.7843137254902          147.68080493448582
5                 779.0         186.65384615384616          173.09933615561553
6                 779.0         199.58823529411765          179.4727765112317
7                 779.0         196.76          193.33572458291297
8                 779.0         196.62745098039215          180.30714109207275
9                 779.0         203.125          203.79908662291237
10                 779.0         202.38          203.4248647535497
11                 779.0         236.33333333333334          176.98791546945293
12                 1026.0         252.76          218.21453297156907
13                 1026.0         295.0208333333333          248.02137757185147
14                 1026.0         315.7          264.54733035886034
15                 1026.0         275.5192307692308          276.729282483845
16                 1026.0         327.3125          263.6146300512992
17                 1026.0         307.96078431372547          284.9705152126467
18                 1100.0         330.09615384615387          313.4479627782298
19                 1100.0         360.46153846153845          333.033924209766
20                 1100.0         327.2          311.39980732171296
21                 1100.0         301.98039215686276          321.68968668189115
22                 1100.0         322.2083333333333          337.8167006882414
23                 1100.0         336.0208333333333          335.3459339239192
24                 1100.0         324.1875          318.9693465059247
25                 1283.0         378.3541666666667          342.4800778624048
26                 1283.0         365.8125          354.41622518880723
27                 1283.0         338.3673469387755          368.72763544092976
28                 1308.0         354.5625          389.0852469923312
29                 1308.0         366.2          348.1867315105503
30                 1308.0         409.7291666666667          360.9400769508777
31                 1308.0         361.56          380.4516347710968
32                 1308.0         304.7083333333333          378.37624343663845
33                 1308.0         349.21153846153845          368.1579581844676
34                 1308.0         395.24          354.03217706869526
35                 1308.0         332.1923076923077          355.2758429111287
36                 1308.0         373.38          386.541583274038
37                 1308.0         360.28846153846155          375.62109266051516
38                 1308.0         373.9375          352.8928901622748
39                 1308.0         353.9807692307692          351.1644087003548
40                 1308.0         342.7916666666667          366.65139882985426
41                 1308.0         359.59615384615387          363.672097638232
42                 1392.0         373.6730769230769          385.5258507322696
43                 1392.0         435.4166666666667          383.4134427162871
44                 1392.0         429.9375          409.10371577439463
45                 1392.0         395.0625          419.9974903818871
46                 1392.0         433.921568627451          395.32373644092996
47                 1392.0         387.25          407.5277656892746
48                 1392.0         356.41509433962267          429.5182221610479
49                 1392.0         396.2156862745098          430.7937186046646
Species Statistics
Species Sizes
Generations     Species 1     Species 2     Species 3     Species 4     Species 5     Species 6     Species 7     Species 8     Species 9     Species 10     Species 11
0     45     5     0     0     0     0     0     0     0     0     0
1     3     23     8     12     3     1     0     0     0     0     0
2     5     3     5     4     5     16     2     9     2     0     0
3     5     6     6     3     3     11     4     5     6     0     0
4     6     7     5     5     5     9     3     6     5     0     0
5     5     8     6     6     4     8     4     7     4     0     0
6     6     6     5     4     1     9     5     8     7     0     0
7     5     7     6     3     3     8     6     6     6     0     0
8     6     6     5     4     2     9     7     7     5     0     0
9     5     5     6     3     3     4     8     6     4     4     0
10     4     6     5     4     2     4     9     5     6     5     0
11     5     5     4     3     3     4     9     4     5     6     0
12     6     6     3     4     2     6     7     5     6     5     0
13     7     5     4     3     3     5     6     4     5     6     0
14     8     4     3     4     2     6     7     5     6     5     0
15     8     5     4     5     3     6     6     4     5     6     0
16     9     4     5     4     2     5     5     5     4     5     0
17     7     5     6     3     3     6     6     4     5     6     0
18     8     4     4     4     2     7     7     3     6     7     0
19     9     5     3     3     3     6     8     4     5     6     0
20     10     4     4     2     2     5     9     3     4     7     0
21     8     3     5     4     3     6     8     3     5     6     0
22     8     4     4     3     2     5     8     5     4     5     0
23     7     5     3     4     3     6     7     4     5     4     0
24     8     4     4     3     2     5     8     5     4     5     0
25     7     3     3     4     3     6     7     4     5     6     0
26     6     4     4     7     2     5     10     1     4     5     0
27     5     5     3     5     3     6     9     4     3     6     0
28     6     4     4     4     2     5     8     3     5     7     0
29     7     5     3     3     3     6     9     4     4     6     0
30     6     4     4     4     2     5     8     3     5     7     0
31     5     3     5     3     3     6     9     4     4     8     0
32     6     5     4     4     2     5     8     3     5     6     0
33     7     4     5     3     3     6     7     4     6     7     0
34     6     5     4     4     2     5     8     5     5     6     0
35     7     4     5     5     3     6     7     4     4     7     0
36     6     5     4     4     4     5     8     3     5     6     0
37     7     4     5     3     3     6     9     4     4     7     0
38     6     5     4     4     2     5     8     3     5     6     0
39     7     4     5     3     3     6     7     4     6     7     0
40     6     5     4     4     2     5     8     3     5     6     0
41     7     4     5     3     3     6     7     4     6     7     0
42     6     5     4     4     2     5     8     5     5     8     0
43     5     4     3     6     3     6     7     4     4     6     0
44     6     5     4     5     2     5     8     3     5     5     0
45     5     4     3     1     3     6     7     9     4     6     0
46     6     3     5     2     2     5     8     8     5     7     0
47     7     4     4     2     3     6     9     7     4     6     0
48     8     5     5     2     2     5     8     6     5     7     0
49     6     6     4     3     3     6     8     5     4     6     0
Species Fitness Mean
Generations     Species 1     Species 2     Species 3     Species 4     Species 5     Species 6     Species 7     Species 8     Species 9     Species 10     Species 11
0     23.2     46.2     NA     NA     NA     NA     NA     NA     NA     NA     NA
1     49.333333333333336     79.17391304347827     63.125     66.08333333333333     65.33333333333333     73.0     NA     NA     NA     NA     NA
2     88.6     133.0     96.2     94.5     69.0     111.375     131.0     114.88888888888889     107.5     NA     NA
3     110.8     142.0     127.16666666666667     126.66666666666667     115.33333333333333     145.27272727272728     137.25     147.2     99.16666666666667     NA     NA
4     145.0     169.42857142857142     153.6     151.0     143.0     176.11111111111111     146.66666666666666     173.0     129.6     NA     NA
5     179.0     210.0     177.66666666666666     179.0     152.75     194.625     169.75     205.71428571428572     134.75     NA     NA
6     206.5     221.83333333333334     190.2     180.25     69.0     254.11111111111111     213.8     232.25     187.71428571428572     NA     NA
7     239.2     268.0     221.0     167.33333333333334     202.0     283.75     246.16666666666666     247.16666666666666     219.16666666666666     NA     NA
8     264.3333333333333     282.3333333333333     225.0     209.25     168.5     310.55555555555554     305.42857142857144     281.0     227.0     NA     NA
9     274.6     294.8     260.3333333333333     188.33333333333334     223.66666666666666     300.5     330.625     299.5     249.5     361.5     NA
10     273.25     324.3333333333333     261.6     239.75     168.5     349.0     370.0     308.4     307.6666666666667     348.0     NA
11     310.0     330.2     249.25     207.66666666666666     243.66666666666666     370.0     395.55555555555554     304.5     311.4     375.0     NA
12     344.3333333333333     362.3333333333333     209.33333333333334     268.25     231.5     406.1666666666667     412.42857142857144     344.4     344.3333333333333     397.2     NA
13     437.0     363.2     278.25     227.0     305.0     411.6     420.6666666666667     331.0     346.2     430.3333333333333     NA
14     493.75     352.75     228.66666666666666     297.25     231.5     440.8333333333333     447.42857142857144     373.8     454.8333333333333     439.6     NA
15     517.75     399.2     308.25     413.2     324.3333333333333     476.0     460.6666666666667     361.0     468.4     509.1666666666667     NA
16     541.4444444444445     383.75     367.8     403.75     231.5     481.0     465.4     411.0     471.5     522.2     NA
17     557.2857142857143     432.8     490.3333333333333     367.0     344.3333333333333     516.0     526.1666666666666     389.0     520.4     549.1666666666666     NA
18     586.0     412.75     457.75     433.25     231.5     548.8571428571429     599.4285714285714     336.0     550.1666666666666     597.4285714285714     NA
19     627.3333333333334     470.6     414.3333333333333     388.0     365.3333333333333     553.3333333333334     642.0     420.5     558.2     611.5     NA
20     655.2     442.75     485.25     265.0     231.5     551.2     678.5555555555555     356.0     553.5     636.7142857142857     NA
21     672.875     378.6666666666667     542.4     482.0     386.0     594.6666666666666     700.625     366.6666666666667     595.4     652.8333333333334     NA
22     693.875     473.75     517.25     418.6666666666667     231.5     588.4     721.625     519.0     584.5     659.6     NA
23     707.7142857142857     543.8     455.0     571.5     405.6666666666667     633.3333333333334     737.8571428571429     481.5     631.4     655.0     NA
24     735.875     501.75     545.25     519.0     231.5     622.0     763.625     552.6     612.5     693.2     NA
25     747.7142857142857     417.3333333333333     473.0     599.5     424.3333333333333     670.6666666666666     777.8571428571429     626.0     665.0     728.8333333333334     NA
26     751.0     530.75     573.25     711.2857142857143     231.5     655.6     834.0     789.0     641.5     726.8     NA
27     749.0     610.4     492.3333333333333     686.2     443.0     709.3333333333334     882.3333333333334     848.25     584.3333333333334     767.5     NA
28     791.0     559.25     602.25     652.75     231.5     688.6     902.5     850.6666666666666     715.4     847.4285714285714     NA
29     829.1428571428571     775.6     511.0     578.3333333333334     462.3333333333333     744.0     934.2222222222222     876.75     684.5     855.8333333333334     NA
30     829.6666666666666     750.0     631.25     679.25     496.5     723.4     953.625     870.0     828.4     888.8571428571429     NA
31     818.6     690.3333333333334     714.0     597.0     658.3333333333334     782.6666666666666     979.3333333333334     905.75     809.25     979.875     NA
32     868.3333333333334     826.6     660.75     708.25     496.5     758.8     997.125     889.3333333333334     863.8     993.0     NA
33     914.8571428571429     793.5     750.6     616.3333333333334     677.6666666666666     823.3333333333334     1014.7142857142857     934.75     908.6666666666666     1020.4285714285714     NA
34     909.6666666666666     863.8     691.75     739.25     496.5     796.0     1043.625     1009.8     901.0     1034.3333333333333     NA
35     1022.4285714285714     825.5     993.6     824.8     698.3333333333334     864.6666666666666     1059.0     1009.25     870.75     1064.7142857142858     NA
36     1024.8333333333333     901.0     980.0     770.25     815.5     833.2     1090.125     988.6666666666666     938.2     1075.6666666666667     NA
37     1065.2857142857142     855.5     1029.6     657.6666666666666     719.0     904.6666666666666     1158.6666666666667     1040.25     900.75     1107.5714285714287     NA
38     1064.8333333333333     937.0     1010.0     800.25     496.5     869.2     1175.875     1008.6666666666666     974.2     1115.6666666666667     NA
39     1109.5714285714287     885.5     1066.8     677.6666666666666     739.0     946.0     1192.7142857142858     1070.25     1031.3333333333333     1151.857142857143     NA
40     1104.8333333333333     973.0     1040.0     830.25     496.5     905.2     1220.875     1028.6666666666667     1189.2     1155.6666666666667     NA
41     1152.4285714285713     915.5     1102.8     697.6666666666666     759.0     986.0     1235.5714285714287     1100.25     1220.5     1194.7142857142858     NA
42     1147.5     1008.4     1069.5     859.75     496.5     942.4     1268.875     1211.2     1224.6     1231.875     NA
43     1124.4     946.0     994.0     1148.3333333333333     780.3333333333334     1025.3333333333333     1275.5714285714287     1196.0     1215.0     1215.6666666666667     NA
44     1182.8333333333333     1043.2     1098.5     1120.4     496.5     976.0     1308.625     1153.0     1259.4     1203.0     NA
45     1159.2     974.0     1012.6666666666666     1430.0     799.0     1061.3333333333333     1317.0     1239.888888888889     1243.0     1254.3333333333333     NA
46     1220.8333333333333     839.3333333333334     1188.6     1431.0     496.5     1009.0     1351.375     1432.875     1292.4     1296.142857142857     NA
47     1276.0     1004.0     1142.0     1431.0     819.0     1102.0     1388.111111111111     1452.142857142857     1273.0     1292.3333333333333     NA
48     1327.5     1115.2     1227.6     1431.0     496.5     1048.0     1401.625     1467.6666666666667     1331.4     1342.5714285714287     NA
49     1286.1666666666667     1201.8333333333333     1175.5     1472.6666666666667     840.6666666666666     1146.6666666666667     1424.875     1474.8     1306.5     1337.0     NA
