Fitness Statistics
Generations     Max     Mean     Standard Deviation
0                 778.0         52.0          158.37613456578615
1                 778.0         100.26          191.60666063579308
2                 778.0         122.84313725490196          195.35491808892405
3                 778.0         112.6470588235294          204.5647530187544
4                 778.0         152.31372549019608          209.0956709631562
5                 778.0         166.07692307692307          220.02795680355698
6                 778.0         169.24          233.70396316708027
7                 778.0         192.82          240.39331854275818
8                 1310.0         252.16          317.08417557487786
9                 1310.0         284.0980392156863          371.4809395211655
10                 1310.0         248.28          346.3463607431151
11                 1310.0         220.2156862745098          324.3981041097793
12                 1310.0         212.09615384615384          313.21062338399656
13                 1310.0         220.76470588235293          320.24375448045356
14                 1310.0         253.2156862745098          348.7529219064043
15                 1310.0         265.96153846153845          337.6825979855173
16                 1313.0         263.5192307692308          349.05865114314213
17                 1313.0         270.80392156862746          379.015133414446
18                 1313.0         278.8235294117647          366.4159591675031
19                 1313.0         239.35294117647058          371.3106000466937
20                 1313.0         287.55102040816325          366.15364574844403
21                 1313.0         268.5769230769231          359.16951998024587
22                 1313.0         293.5882352941176          373.8076036779803
23                 1313.0         304.86538461538464          386.10964110679913
24                 1313.0         293.0576923076923          409.1208404080792
25                 1313.0         257.9423076923077          382.18951266966315
26                 1313.0         288.3265306122449          384.6466381432471
27                 1313.0         283.03846153846155          396.7243259851888
28                 1313.0         302.18          392.39086074983953
29                 1313.0         297.47058823529414          390.43069998130176
30                 1313.0         307.8979591836735          386.94835624925236
31                 1313.0         352.0408163265306          441.6794460102315
32                 1313.0         332.83673469387753          414.03787399166987
33                 1313.0         265.96          398.1658428343646
34                 1313.0         278.63461538461536          388.5663505783473
35                 1313.0         286.78          391.08737080095045
36                 1313.0         334.2307692307692          383.0849280905965
37                 1313.0         302.72          395.7985871627134
38                 1313.0         302.4901960784314          390.79197477806775
39                 1313.0         296.9183673469388          400.2614878329321
40                 1313.0         277.0          398.9465720456046
41                 1313.0         283.2692307692308          413.3340572701556
42                 1313.0         311.5769230769231          405.79183495187465
43                 1313.0         286.7142857142857          399.19250125875925
44                 1313.0         312.2040816326531          437.19822149832623
45                 1313.0         354.3529411764706          432.33446672547467
46                 1313.0         308.86          408.38942248789937
47                 1313.0         335.7142857142857          405.7282190766401
48                 1313.0         298.5          430.28619724372004
49                 1313.0         327.21153846153845          403.887947928938
Species Statistics
Species Sizes
Generations     Species 1     Species 2     Species 3     Species 4     Species 5     Species 6     Species 7     Species 8     Species 9
0     35     5     10     0     0     0     0     0     0
1     18     6     9     3     4     2     8     0     0
2     3     15     2     7     9     2     10     3     0
3     1     12     5     3     5     1     8     8     8
4     2     10     6     2     3     2     8     8     10
5     2     9     5     2     1     5     9     8     11
6     2     7     4     2     2     5     7     10     11
7     2     8     5     2     2     5     7     10     9
8     2     8     6     2     2     6     8     8     8
9     2     9     5     2     2     5     7     7     12
10     2     6     4     2     3     6     7     6     14
11     2     7     5     2     5     5     8     5     12
12     2     8     4     2     6     6     7     6     11
13     2     7     5     2     5     5     8     7     10
14     2     7     6     2     6     6     8     6     8
15     2     8     5     2     5     5     7     7     11
16     2     6     4     2     6     4     8     8     12
17     2     7     5     2     5     3     10     7     10
18     2     6     4     2     7     4     10     6     10
19     2     7     3     2     6     6     9     7     9
20     2     6     4     2     6     6     7     7     9
21     2     7     3     2     7     5     8     8     10
22     2     6     4     2     6     6     8     7     10
23     2     7     3     2     5     7     9     8     9
24     2     6     4     2     6     8     8     7     9
25     2     5     3     2     5     7     9     8     11
26     2     5     4     2     5     7     9     6     9
27     2     7     3     2     6     8     8     8     8
28     2     6     4     2     5     7     8     8     8
29     2     5     5     2     6     8     8     7     8
30     2     6     4     2     6     6     8     7     8
31     2     5     3     2     5     7     9     6     10
32     2     6     2     2     6     6     7     7     11
33     2     5     3     2     5     7     8     8     10
34     2     6     4     2     7     6     9     7     9
35     2     6     3     2     6     7     9     6     9
36     2     7     4     2     5     8     8     8     8
37     2     5     4     2     5     8     8     8     8
38     2     6     3     2     6     7     9     7     9
39     2     6     4     2     5     7     7     7     9
40     2     5     3     2     7     6     8     8     8
41     2     6     4     2     6     7     9     7     9
42     2     7     3     2     5     6     11     8     8
43     2     6     4     2     6     6     8     6     9
44     2     5     3     2     5     7     9     8     8
45     2     6     4     2     6     6     9     8     8
46     2     5     3     2     5     7     10     7     9
47     2     5     4     2     5     7     8     7     9
48     2     6     5     2     6     8     7     8     8
49     2     7     6     2     5     7     8     8     7
Species Fitness Mean
Generations     Species 1     Species 2     Species 3     Species 4     Species 5     Species 6     Species 7     Species 8     Species 9
0     23.02857142857143     25.6     34.1     NA     NA     NA     NA     NA     NA
1     57.0     45.666666666666664     83.11111111111111     58.333333333333336     67.0     78.5     85.125     NA     NA
2     121.33333333333333     102.73333333333333     94.0     107.14285714285714     83.11111111111111     84.5     103.9     112.33333333333333     NA
3     125.0     140.75     119.2     106.0     127.8     71.0     131.75     133.875     139.125
4     146.5     175.8     159.5     92.0     137.66666666666666     119.0     157.25     159.375     170.4
5     146.5     200.22222222222223     176.0     92.0     112.0     171.2     193.44444444444446     183.625     200.36363636363637
6     146.5     215.42857142857142     186.5     92.0     174.0     218.6     212.0     229.0     229.0
7     146.5     245.375     216.2     92.0     174.0     238.4     245.71428571428572     255.4     258.77777777777777
8     146.5     269.375     269.1666666666667     92.0     174.0     277.8333333333333     288.75     296.25     274.625
9     146.5     293.55555555555554     281.4     92.0     174.0     296.6     299.85714285714283     315.14285714285717     353.1666666666667
10     146.5     285.3333333333333     334.25     92.0     241.33333333333334     330.1666666666667     323.42857142857144     353.5     380.7857142857143
11     146.5     324.0     360.2     92.0     317.4     341.8     391.875     393.4     407.3333333333333
12     146.5     361.625     366.75     92.0     407.8333333333333     373.5     413.57142857142856     419.5     433.90909090909093
13     146.5     373.2857142857143     400.4     92.0     421.8     401.8     443.625     452.0     458.1
14     146.5     394.0     433.6666666666667     92.0     453.8333333333333     436.0     485.875     471.6666666666667     474.75
15     146.5     432.875     440.0     92.0     461.4     441.4     503.2857142857143     509.2857142857143     535.0909090909091
16     146.5     416.6666666666667     433.75     92.0     495.8333333333333     434.25     533.875     538.5     565.0833333333334
17     146.5     463.2857142857143     480.8     92.0     501.0     401.3333333333333     608.6     556.4285714285714     580.2
18     146.5     460.6666666666667     467.25     92.0     582.4285714285714     467.75     635.0     570.8333333333334     606.6
19     146.5     511.85714285714283     423.0     92.0     592.8333333333334     584.6666666666666     678.0     602.1428571428571     628.3333333333334
20     146.5     506.0     500.25     92.0     615.5     607.3333333333334     696.2857142857143     626.4285714285714     654.0
21     146.5     558.2857142857143     444.3333333333333     92.0     649.5714285714286     605.6     725.125     684.375     686.6
22     146.5     549.3333333333334     532.75     92.0     658.8333333333334     650.6666666666666     749.875     700.7142857142857     713.0
23     146.5     606.1428571428571     466.6666666666667     92.0     656.2     778.4285714285714     780.6666666666666     741.25     731.0
24     146.5     591.3333333333334     566.25     92.0     703.5     815.75     800.875     757.8571428571429     758.2222222222222
25     146.5     560.6     489.3333333333333     92.0     697.0     833.7142857142857     833.5555555555555     792.25     801.8181818181819
26     146.5     580.4     600.25     92.0     718.0     857.2857142857143     857.6666666666666     788.8333333333334     808.0
27     146.5     698.2857142857143     720.6666666666666     92.0     768.8333333333334     890.75     875.125     841.75     820.875
28     146.5     676.0     790.0     92.0     757.0     905.8571428571429     899.125     944.125     844.875
29     146.5     637.4     844.2     92.0     814.1666666666666     939.5     923.875     963.0     869.625
30     146.5     720.0     822.5     92.0     835.5     936.5     947.125     986.5714285714286     892.875
31     146.5     674.0     764.0     92.0     814.0     971.5714285714286     982.8888888888889     996.0     947.4
32     146.5     760.0     616.5     92.0     951.6666666666666     976.5     976.2857142857143     1029.4285714285713     985.9090909090909
33     146.5     711.2     784.6666666666666     92.0     942.6     1017.2857142857143     1017.625     1061.125     998.6
34     146.5     804.0     885.0     92.0     1018.4285714285714     1020.5     1058.3333333333333     1076.5714285714287     1008.6666666666666
35     146.5     825.3333333333334     806.6666666666666     92.0     1017.0     1064.4285714285713     1083.2222222222222     1082.6666666666667     1033.5555555555557
36     146.5     901.1428571428571     918.0     92.0     1002.0     1108.25     1092.625     1136.875     1038.375
37     146.5     791.0     935.0     92.0     1022.4     1132.25     1116.625     1160.875     1062.375
38     146.5     890.6666666666666     839.3333333333334     92.0     1082.3333333333333     1135.142857142857     1160.2222222222222     1169.4285714285713     1110.5555555555557
39     146.5     912.6666666666666     967.5     92.0     1061.4     1158.7142857142858     1139.142857142857     1193.0     1136.2222222222222
40     146.5     849.2     860.6666666666666     92.0     1157.7142857142858     1150.5     1187.875     1233.625     1133.625
41     146.5     954.6666666666666     998.5     92.0     1146.3333333333333     1203.7142857142858     1234.888888888889     1238.0     1185.2222222222222
42     146.5     1039.7142857142858     882.3333333333334     92.0     1118.4     1193.8333333333333     1293.7272727272727     1282.375     1182.375
43     146.5     1000.0     1032.5     92.0     1191.6666666666667     1215.8333333333333     1262.125     1257.3333333333333     1236.5555555555557
44     146.5     926.0     904.0     92.0     1157.4     1273.0     1309.5555555555557     1329.625     1230.375
45     146.5     1041.3333333333333     1063.5     92.0     1233.0     1258.5     1429.888888888889     1444.625     1255.125
46     146.5     964.4     925.3333333333334     92.0     1195.8     1318.0     1466.0     1454.5714285714287     1309.6666666666667
47     146.5     984.2     1096.0     92.0     1215.6     1341.5714285714287     1463.875     1478.142857142857     1335.3333333333333
48     146.5     1106.0     1594.4     92.0     1297.6666666666667     1399.25     1468.7142857142858     1517.375     1329.375
49     146.5     1203.2857142857142     1619.5     92.0     1255.8     1391.5714285714287     1514.875     1559.875     1310.142857142857
