Fitness Statistics
Generations     Max     Mean     Standard Deviation
0                 204.0         26.966666666666665          65.77916759042249
1                 761.0         88.8          157.77101550453852
2                 761.0         152.41935483870967          175.77510818556843
3                 761.0         199.19354838709677          198.16536257913143
4                 761.0         170.70967741935485          149.30574682636902
5                 761.0         178.03225806451613          151.98185033215321
6                 772.0         215.13333333333333          179.03663188173405
7                 1029.0         219.56666666666666          209.43012889479127
8                 1029.0         229.0          218.4721187398215
9                 1029.0         231.61290322580646          240.6230725830614
10                 1029.0         260.3          226.0541454312809
11                 1029.0         217.93548387096774          235.08322966542545
12                 1029.0         240.90322580645162          246.4878921110246
13                 1029.0         326.6333333333333          264.1816904245174
14                 1305.0         348.0          322.3455702606547
15                 1305.0         256.17241379310343          284.6137211616543
16                 1305.0         353.2903225806452          315.71712466949486
17                 1305.0         340.8          354.8190524760473
18                 1305.0         399.19354838709677          350.4978412666335
19                 1305.0         375.73333333333335          387.6727944485601
20                 1305.0         393.44827586206895          368.2904200919569
21                 1305.0         347.5          291.07922747366683
22                 1305.0         368.56666666666666          340.3937605512507
23                 1313.0         423.80645161290323          362.9120056285607
24                 1313.0         344.93333333333334          282.1566861790724
25                 1313.0         348.26666666666665          311.9093814270777
26                 1886.0         417.4193548387097          395.19629864676097
27                 1886.0         393.2258064516129          367.06224396814537
28                 1886.0         386.3333333333333          360.67421433876984
29                 1886.0         409.1666666666667          410.3092397475619
30                 1886.0         487.96774193548384          410.344503877709
31                 1886.0         462.6          409.65559518535406
32                 1886.0         345.93548387096774          376.1103934960235
33                 1886.0         411.1666666666667          388.4271775020669
34                 1886.0         419.3103448275862          433.49128802034335
35                 1886.0         390.19354838709677          391.84101609436004
36                 1886.0         364.125          367.70561849800447
37                 1886.0         430.0967741935484          362.8485292114114
38                 1886.0         484.9375          440.03983750763973
39                 1886.0         409.38709677419354          384.1993499196323
40                 1886.0         415.28125          385.2152186095943
41                 1886.0         387.8965517241379          432.15764563150395
42                 1886.0         501.53333333333336          475.7688327562265
43                 1886.0         484.5806451612903          395.8951290099151
44                 1886.0         449.6          442.15378923326364
45                 1886.0         441.1          484.139948775145
46                 1886.0         557.516129032258          522.6452488939962
47                 1886.0         539.4333333333333          492.30340802756535
48                 1886.0         455.8333333333333          467.02955533408755
49                 1886.0         398.7586206896552          485.33157206128345
Species Statistics
Species Sizes
Generations     Species 1     Species 2     Species 3     Species 4     Species 5
0     14     8     8     0     0
1     2     9     12     7     0
2     5     8     4     14     0
3     16     7     6     1     1
4     12     6     7     4     2
5     11     5     1     12     2
6     10     4     5     9     2
7     9     5     6     7     3
8     8     4     5     6     7
9     9     3     6     5     8
10     8     4     7     4     7
11     7     6     11     1     6
12     8     5     1     10     7
13     7     4     10     1     8
14     6     3     5     7     9
15     6     4     5     5     9
16     7     5     8     4     7
17     6     4     13     1     6
18     7     3     10     2     9
19     6     4     8     3     9
20     5     3     7     4     10
21     6     4     8     3     9
22     5     3     9     5     8
23     6     4     8     4     9
24     5     3     8     3     11
25     6     4     7     4     9
26     7     3     8     5     8
27     6     4     7     6     8
28     5     5     8     5     7
29     6     3     7     6     8
30     5     4     6     7     9
31     6     3     5     6     10
32     5     4     6     7     9
33     6     3     7     6     8
34     5     4     6     5     9
35     6     3     7     6     9
36     5     4     8     7     8
37     6     3     9     6     7
38     5     4     8     7     8
39     6     3     7     6     9
40     5     4     8     7     8
41     5     5     8     5     6
42     4     3     7     7     9
43     5     2     8     6     10
44     4     3     7     7     9
45     5     4     8     6     7
46     4     3     9     7     8
47     3     2     8     8     9
48     4     3     6     7     10
49     5     4     5     6     9
Species Fitness Mean
Generations     Species 1     Species 2     Species 3     Species 4     Species 5
0     17.142857142857142     15.25     12.875     NA     NA
1     32.0     49.111111111111114     39.333333333333336     37.142857142857146     NA
2     56.6     56.25     62.5     74.21428571428571     NA
3     98.0625     88.85714285714286     85.83333333333333     85.0     104.0
4     123.91666666666667     118.66666666666667     110.57142857142857     106.75     108.0
5     147.27272727272728     139.6     146.0     134.66666666666666     121.0
6     169.1     156.5     168.8     156.77777777777777     134.0
7     206.66666666666666     181.2     188.5     173.14285714285714     188.33333333333334
8     223.375     191.0     205.6     190.5     230.57142857142858
9     245.77777777777777     196.33333333333334     228.5     205.0     253.5
10     268.0     225.5     251.28571428571428     265.75     274.2857142857143
11     289.85714285714283     262.8333333333333     281.90909090909093     291.0     294.3333333333333
12     313.5     274.0     316.0     315.9     318.85714285714283
13     331.85714285714283     281.75     338.4     343.0     342.75
14     348.1666666666667     277.0     368.4     368.85714285714283     366.77777777777777
15     368.1666666666667     317.75     393.0     389.4     409.1111111111111
16     397.0     416.6     408.75     419.75     431.57142857142856
17     408.1666666666667     430.5     448.46153846153845     448.0     451.6666666666667
18     431.2857142857143     443.3333333333333     473.7     457.5     477.55555555555554
19     447.3333333333333     470.25     494.875     484.6666666666667     499.77777777777777
20     456.4     478.6666666666667     513.4285714285714     506.0     522.3
21     488.1666666666667     507.0     537.75     517.3333333333334     543.3333333333334
22     496.4     512.0     562.3333333333334     563.4     563.25
23     530.6666666666666     545.25     582.375     580.5     588.6666666666666
24     535.6     544.6666666666666     602.5     593.3333333333334     635.2727272727273
25     573.1666666666666     583.5     622.2857142857143     618.75     657.8888888888889
26     606.1428571428571     579.3333333333334     649.75     644.2     680.375
27     617.3333333333334     623.25     667.7142857142857     691.6666666666666     712.625
28     620.4     659.0     695.25     711.2     734.0
29     659.0     631.3333333333334     710.5714285714286     742.5     756.375
30     661.2     676.5     723.6666666666666     771.4285714285714     780.1111111111111
31     697.3333333333334     662.0     731.0     800.0     803.3
32     697.2     714.75     766.1666666666666     822.5714285714286     825.4444444444445
33     739.8333333333334     696.0     798.0     842.5     845.625
34     738.0     753.0     807.0     859.4     869.0
35     780.6666666666666     728.6666666666666     840.0     883.3333333333334     892.1111111111111
36     778.0     790.5     872.875     909.1428571428571     913.0
37     824.8333333333334     764.0     903.6666666666666     927.5     931.1428571428571
38     820.4     830.25     919.25     954.5714285714286     959.375
39     869.0     799.3333333333334     930.8571428571429     971.6666666666666     986.3333333333334
40     862.8     870.0     965.625     1000.0     1005.75
41     885.2     923.8     1066.75     1006.6     1011.5
42     857.5     850.6666666666666     1085.5714285714287     1042.0     1053.888888888889
43     922.0     748.5     1107.875     1055.0     1081.4
44     895.75     884.6666666666666     1129.2857142857142     1085.7142857142858     1099.2222222222222
45     964.4     965.25     1166.75     1159.5     1106.857142857143
46     933.25     918.0     1188.888888888889     1184.142857142857     1137.875
47     866.3333333333334     799.5     1209.625     1206.0     1166.7777777777778
48     971.5     952.0     1227.3333333333333     1227.857142857143     1194.8
49     1045.2     1041.0     1244.4     1248.1666666666667     1210.3333333333333
